  0.9924648    
  0.9699729    
  0.9328632    
  0.8816950    
  0.8172393    
  0.7404676    
  0.6525368    
  0.5547721    
  0.4486468    
  0.3357602    
  0.2178137    
  9.6584633E-02
 -2.6100099E-02
 -0.1483914    
 -0.2684464    
 -0.3844559    
 -0.4946712    
 -0.5974320    
 -0.6911891    
 -0.7745298    
 -0.8461982    
 -0.9051141    
 -0.9503897    
 -0.9813427    
 -0.9975065    
 -0.9986376    
 -0.9847190    
 -0.9559604    
 -0.9127952    
 -0.8558740    
 -0.7860543    
 -0.7043887    
 -0.6121078    
 -0.5106021    
 -0.4014018    
 -0.2861519    
 -0.1665900    
 -4.4517092E-02
  7.8226209E-02
  0.1997911    
  0.3183450    
  0.4321010    
  0.5393456    
  0.6384616    
  0.7279562    
  0.8064799    
  0.8728501    
  0.9260662    
  0.9653260    
  0.9900382    
  0.9998302    
  0.9945545    
  0.9742904    
  0.9393438    
  0.8902407    
  0.8277217    
  0.7527285    
  0.6663917    
  0.5700119    
  0.4650418    
  0.3530638    
  0.2357646    
  0.1149129    
 -7.6711420E-03
 -0.1301391    
 -0.2506462    
 -0.3673756    
 -0.4785694    
 -0.5825502    
 -0.6777518    
 -0.7627396    
 -0.8362332    
 -0.8971240    
 -0.9444949    
 -0.9776323    
 -0.9960363    
 -0.9994298    
 -0.9877616    
 -0.9612074    
 -0.9201678    
 -0.8652610    
 -0.7973140    
 -0.7173518    
 -0.6265789    
 -0.5263625    
 -0.4182145    
 -0.3037639    
 -0.1847355    
 -6.2922180E-02
  5.9838478E-02
  0.1816974    
  0.3008189    
  0.4154062    
  0.5237331    
  0.6241673    
  0.7151958    
  0.7954454    
  0.8637075    
  0.9189538    
  0.9603507    
  0.9872749    
  0.9993206    
  0.9963064    
  0.9782774    
  0.9455057    
  0.8984846    
  0.8379234    
  0.7647346    
  0.6800210    
  0.5850586    
  0.4812799    
  0.3702482    
  0.2536359    
  0.1332022    
  1.0761018E-02
 -0.1118423    
 -0.2327611    
 -0.3501711    
 -0.4623040    
 -0.5674707    
 -0.6640846    
 -0.7506906    
 -0.8259836    
 -0.8888292    
 -0.9382794    
 -0.9735897    
 -0.9942277    
 -0.9998823    
 -0.9904685    
 -0.9661282    
 -0.9272280    
 -0.8743539    
 -0.8083028    
 -0.7300716    
 -0.6408368    
 -0.5419442    
 -0.4348860    
 -0.3212723    
 -0.2028169    
 -8.1306845E-02
  4.1430417E-02
  0.1635414    
  0.2831897    
  0.3985702    
  0.5079424    
  0.6096614    
  0.7021925    
  0.7841402    
  0.8542718    
  0.9115292    
  0.9550488    
  0.9841762    
  0.9984717    
  0.9977198    
  0.9819320    
  0.9513460    
  0.9064236    
  0.8478405    
  0.7764812    
  0.6934189    
  0.5999065    
  0.4973549    
  0.3873065    
  0.2714211    
  0.1514472    
  2.9189045E-02
 -9.3508974E-02
 -0.2147959    
 -0.3328477    
 -0.4458832    
 -0.5521976    
 -0.6501918    
 -0.7383860    
 -0.8154539    
 -0.8802325    
 -0.9317449    
 -0.9692164    
 -0.9920813    
 -0.9999952    
 -0.9928389    
 -0.9707201    
 -0.9339728    
 -0.8831497    
 -0.8190171    
 -0.7425427    
 -0.6548769    
 -0.5573434    
 -0.4514090    
 -0.3386716    
 -0.2208322    
 -9.9662930E-02
  2.3008283E-02
  0.1453309    
  0.2654651    
  0.3815988    
  0.4919798    
  0.5949484    
  0.6889507    
  0.7725690    
  0.8445458    
  0.9037941    
  0.9494228    
  0.9807432    
  0.9972833    
  0.9987943    
  0.9852530    
  0.9568640    
  0.9140543    
  0.8574694    
  0.7879633    
  0.7065812    
  0.6145507    
  0.5132601    
  0.4042331    
  0.2891140    
  0.1696398    
  4.7607154E-02
 -7.5141020E-02
 -0.1967587    
 -0.3154111    
 -0.4293084    
 -0.5367377    
 -0.6360781    
 -0.7258312    
 -0.8046471    
 -0.8713367    
 -0.9248941    
 -0.9645138    
 -0.9895980    
 -0.9997684    
 -0.9948720    
 -0.9749830    
 -0.9404004    
 -0.8916454    
 -0.8294541    
 -0.7547616    
 -0.6686946    
 -0.5725515    
 -0.4677785    
 -0.3559558    
 -0.2387706    
 -0.1179852    
  4.5783320E-03
  0.1270709    
  0.2476504    
  0.3644960    
  0.4758502    
  0.5800332    
  0.6754734    
  0.7607355    
  0.8345329    
  0.8957527    
  0.9434742    
  0.9769771    
  0.9957563    
  0.9995294    
  0.9882389    
  0.9620558    
  0.9213738    
  0.8668072    
  0.7991766    
  0.7195035    
  0.6289845    
  0.5289894    
  0.4210224    
  0.3067069    
  0.1877729    
  6.6009089E-02
 -5.6753248E-02
 -0.1786565    
 -0.2978674    
 -0.4125929    
 -0.5210971    
 -0.6217483    
 -0.7130324    
 -0.7935682    
 -0.8621449    
 -0.9177306    
 -0.9594842    
 -0.9867784    
 -0.9992020    
 -0.9965671    
 -0.9789138    
 -0.9465084    
 -0.8998374    
 -0.8396072    
 -0.7667241    
 -0.6822836    
 -0.5875637    
 -0.4839891    
 -0.3731173    
 -0.2566260    
 -0.1362673    
 -1.3851267E-02
  0.1087697    
  0.2297516    
  0.3472746    
  0.4595606    
  0.5649210    
  0.6617708    
  0.7486446    
  0.8242365    
  0.8874088    
  0.9372057    
  0.9728790    
  0.9938914    
  0.9999250    
  0.9908897    
  0.9669208    
  0.9283810    
  0.8758504    
  0.8101186    
  0.7321801    
  0.6432077    
  0.5445421    
  0.4376669    
  0.3241992    
  0.2058459    
  8.4386706E-02
 -3.8340487E-02
 -0.1604899    
 -0.2802244    
 -0.3957321    
 -0.5052762    
 -0.6072088    
 -0.6999875    
 -0.7822173    
 -0.8526612    
 -0.9102531    
 -0.9541275    
 -0.9836239    
 -0.9982960    
 -0.9979238    
 -0.9825121    
 -0.9522943    
 -0.9077255    
 -0.8494751    
 -0.7784249    
 -0.6956437    
 -0.6023762    
 -0.5000337    
 -0.3901556    
 -0.2743979    
 -0.1545013    
 -3.2279976E-02
  9.0427786E-02
  0.2117765    
  0.3299300    
  0.4431114    
  0.5496184    
  0.6478392    
  0.7362970    
  0.8136612    
  0.8787608    
  0.9306175    
  0.9684508    
  0.9916883    
  0.9999809    
  0.9932034    
  0.9714583    
  0.9350734    
  0.8845952    
  0.8207874    
  0.7446105    
  0.6572093    
  0.5599067    
  0.4541662    
  0.3415778    
  0.2238453    
  0.1027394    
 -1.9918511E-02
 -0.1422725    
 -0.2624825    
 -0.3787368    
 -0.4892869    
 -0.5924599    
 -0.6867046    
 -0.7706031    
 -0.8428859    
 -0.9024663    
 -0.9484478    
 -0.9801346    
 -0.9970508    
 -0.9989412    
 -0.9857774    
 -0.9577579    
 -0.9153035    
 -0.8590565    
 -0.7898636    
 -0.7087648    
 -0.6169872    
 -0.5159116    
 -0.4070579    
 -0.2920730    
 -0.1726865    
 -5.0693903E-02
  7.2058916E-02
  0.1937258    
  0.3124769    
  0.4265152    
  0.5341259    
  0.6336874    
  0.7237018    
  0.8028072    
  0.8698142    
  0.9237146    
  0.9636928    
  0.9891481    
  0.9996971    
  0.9951801    
  0.9756657    
  0.9414468    
  0.8930412    
  0.8311774    
  0.7567854    
  0.6709906    
  0.5750841    
  0.4705078    
  0.3588440    
  0.2417724    
  0.1210535    
 -1.4859552E-03
 -0.1240030    
 -0.2446550    
 -0.3616163    
 -0.4731281    
 -0.5775129    
 -0.6731912    
 -0.7587246    
 -0.8328262    
 -0.8943745    
 -0.9424447    
 -0.9763122    
 -0.9954671    
 -0.9996195    
 -0.9887077    
 -0.9628950    
 -0.9225720    
 -0.8683460    
 -0.8010316    
 -0.7216477    
 -0.6313885    
 -0.5316111    
 -0.4238253    
 -0.3096524    
 -0.1908094    
 -6.9094419E-02
  5.3661764E-02
  0.1756130    
  0.2949140    
  0.4097706    
  0.5184553    
  0.6193233    
  0.7108582    
  0.7916827    
  0.8605739    
  0.9164964    
  0.9586083    
  0.9862725    
  0.9990736    
  0.9968183    
  0.9795408    
  0.9475017    
  0.9011838    
  0.8412830    
  0.7687057    
  0.6845440    
  0.5900632    
  0.4866929    
  0.3759881    
  0.2596136    
  0.1393302    
  1.6947106E-02
 -0.1056952    
 -0.2267408    
 -0.3443695    
 -0.4568119    
 -0.5623665    
 -0.6594464    
 -0.7465909    
 -0.8224815    
 -0.8859772    
 -0.9361227    
 -0.9721590    
 -0.9935449    
 -0.9999581    
 -0.9913015    
 -0.9677060    
 -0.9295257    
 -0.8773385    
 -0.8119299    
 -0.7342854    
 -0.6455724    
 -0.5471332    
 -0.4404487    
 -0.3271230    
 -0.2088711    
 -8.7471455E-02
  3.5250191E-02
  0.1574368    
  0.2772509    
  0.3928903    
  0.5026051    
  0.6047458    
  0.6977757    
  0.7802870    
  0.8510395    
  0.9089683    
  0.9531971    
  0.9830612    
  0.9981108    
  0.9981179    
  0.9830832    
  0.9532323    
  0.9090170    
  0.8511027    
  0.7803600    
  0.6978592    
  0.6048418    
  0.5027093    
  0.3929976    
  0.2773666    
  0.1575520    
  3.5370596E-02
 -8.7351434E-02
 -0.2087570    
 -0.3270092    
 -0.4403405    
 -0.5470355    
 -0.6454804    
 -0.7342036    
 -0.8118618    
 -0.8772807    
 -0.9294827    
 -0.9676765    
 -0.9912856    
 -0.9999570    
 -0.9935582    
 -0.9721872    
 -0.9361637    
 -0.8860313    
 -0.8225500    
 -0.7466685    
 -0.6595341    
 -0.5624662    
 -0.4569157    
 -0.3444790    
 -0.2268582    
 -0.1058112    
  1.6830456E-02
  0.1392109    
  0.2595009    
  0.3758800    
  0.4865876    
  0.5899690    
  0.6844589    
  0.7686286    
  0.8412199    
  0.9011332    
  0.9474632    
  0.9795173    
  0.9968093    
  0.9990788    
  0.9862917    
  0.9586426    
  0.9165446    
  0.8606334    
  0.7917563    
  0.7109429    
  0.6194149    
  0.5185583    
  0.4098805    
  0.2950255    
  0.1757316    
  5.3782072E-02
 -6.8978034E-02
 -0.1906911    
 -0.3095379    
 -0.4237196    
 -0.5315090    
 -0.6312951    
 -0.7215669    
 -0.8009595    
 -0.8682862    
 -0.9225270    
 -0.9628624    
 -0.9886896    
 -0.9996163    
 -0.9954786    
 -0.9763383    
 -0.9424837    
 -0.8944284    
 -0.8328907    
 -0.7588006    
 -0.6732804    
 -0.5776082    
 -0.4732309    
 -0.3617287    
 -0.2447682    
 -0.1241188    
 -1.6064359E-03
  0.1209377    
  0.2416592    
  0.3587315    
  0.4704048    
  0.5749887    
  0.6709014    
  0.7567091    
  0.8311126    
  0.8929870    
  0.9414075    
  0.9756401    
  0.9951683    
  0.9997000    
  0.9891652    
  0.9637249    
  0.9237593    
  0.8698717    
  0.8028790    
  0.7237824    
  0.6337776    
  0.5342278    
  0.4266207    
  0.3125841    
  0.1938440    
  7.2175279E-02
 -5.0573576E-02
 -0.1725679    
 -0.2919614    
 -0.4069478    
 -0.5158085    
 -0.6168954    
 -0.7086798    
 -0.7897897    
 -0.8589967    
 -0.9152549    
 -0.9577232    
 -0.9857578    
 -0.9989357    
 -0.9970600    
 -0.9801577    
 -0.9484860    
 -0.9025182    
 -0.8429486    
 -0.7706799    
 -0.6867922    
 -0.5925539    
 -0.4893920    
 -0.3788483    
 -0.2625950    
 -0.1423918    
 -2.0035153E-02
  0.1026234    
  0.2237279    
  0.3414682    
  0.4540622    
  0.5598068    
  0.6571214    
  0.7445326    
  0.8207186    
  0.8845407    
  0.9350321    
  0.9714298    
  0.9931898    
  0.9999816    
  0.9917037    
  0.9684799    
  0.9306602    
  0.8788183    
  0.8137289    
  0.7363760    
  0.6479310    
  0.5497159    
  0.4432160    
  0.3300437    
  0.2118905    
  9.0543978E-02
 -3.2159556E-02
 -0.1543860    
 -0.2742857    
 -0.3900447    
 -0.4999326    
 -0.6022862    
 -0.6955572    
 -0.7783516    
 -0.8494115    
 -0.9076749    
 -0.9522587    
 -0.9824897    
 -0.9979160    
 -0.9983028    
 -0.9836456    
 -0.9541636    
 -0.9103014    
 -0.8527241    
 -0.7822924    
 -0.7000707    
 -0.6073045    
 -0.5053802    
 -0.3958392    
 -0.2803400    
 -0.1606088    
 -3.8457066E-02
  8.4266655E-02
  0.2057280    
  0.3240889    
  0.4375586    
  0.5444410    
  0.6431183    
  0.7320980    
  0.8100501    
  0.8757941    
  0.9283361    
  0.9668911    
  0.9908740    
  0.9999235    
  0.9939042    
  0.9729059    
  0.9372478    
  0.8874626    
  0.8243025    
  0.7487245    
  0.6618583    
  0.5650172    
  0.4596676    
  0.3473840    
  0.2298651    
  0.1088895    
 -1.3734613E-02
 -0.1361517    
 -0.2565095    
 -0.3730091    
 -0.4838870    
 -0.5874662    
 -0.6821983    
 -0.7666492    
 -0.8395417    
 -0.8997865    
 -0.9464707    
 -0.9788892    
 -0.9965574    
 -0.9992065    
 -0.9867979    
 -0.9595171    
 -0.9177784    
 -0.8622059    
 -0.7936392    
 -0.7131169    
 -0.6218426    
 -0.5211967    
 -0.4127027    
 -0.2979824    
 -0.1787713    
 -5.6873534E-02
  6.5888874E-02
  0.1876583    
  0.3065922    
  0.4209131    
  0.5288904    
  0.6288908    
  0.7194198    
  0.7991065    
  0.8667461    
  0.9213277    
  0.9620240    
  0.9882205    
  0.9995257    
  0.9957672    
  0.9770032    
  0.9435141    
  0.8958054    
  0.8346003    
  0.7608137    
  0.6755608    
  0.5801328    
  0.4759561    
  0.3646064    
  0.2477690    
  0.1271904    
  4.6949969E-03
 -0.1178636    
 -0.2386536    
 -0.3558468    
 -0.4676703    
 -0.5724528    
 -0.6686078    
 -0.7546813    
 -0.8293868    
 -0.8915926    
 -0.9403587    
 -0.9749562    
 -0.9948602    
 -0.9997710    
 -0.9896150    
 -0.9645447    
 -0.9249406    
 -0.8713949    
 -0.8047164    
 -0.7259154    
 -0.6361696    
 -0.5368361    
 -0.4294190    
 -0.3155237    
 -0.1968805    
 -7.5263061E-02
  4.7488715E-02
  0.1695173    
  0.2889987    
  0.4041246    
  0.5131534    
  0.6144556    
  0.7064973    
  0.7878868    
  0.8574075    
  0.9140062    
  0.9568279    
  0.9852324    
  0.9987885    
  0.9972925    
  0.9807668    
  0.9494600    
  0.9038472    
  0.8446103    
  0.7726443    
  0.6890394    
  0.5950451    
  0.4920831    
  0.3817119    
  0.2655813    
  0.1454482    
  2.3130639E-02
 -9.9543050E-02
 -0.2207165    
 -0.3385564    
 -0.4513014    
 -0.5572449    
 -0.6547844    
 -0.7424620    
 -0.8189501    
 -0.8830922    
 -0.9339297    
 -0.9706921    
 -0.9928243    
 -0.9999956    
 -0.9920960    
 -0.9692465    
 -0.9317886    
 -0.8802878    
 -0.8155247    
 -0.7384673    
 -0.6502804    
 -0.5522996    
 -0.4459894    
 -0.3329577    
 -0.2149154    
 -9.3627028E-02
  2.9072428E-02
  0.1513262    
  0.2713070    
  0.3871989    
  0.4972487    
  0.5998116    
  0.6933293    
  0.7764040    
  0.8477776    
  0.9063711    
  0.9513089    
  0.9819096    
  0.9977114    
  0.9984784    
  0.9841973    
  0.9550856    
  0.9115787    
  0.8543334    
  0.7842173    
  0.7022783    
  0.6097554    
  0.5080494    
  0.3986807    
  0.2833034    
  0.1636640    
  4.1550793E-02
 -8.1188664E-02
 -0.2026971    
 -0.3211582    
 -0.4347793    
 -0.5418413    
 -0.6407443    
 -0.7299905    
 -0.8082308    
 -0.8742954    
 -0.9271836    
 -0.9660963    
 -0.9904519    
 -0.9998806    
 -0.9942408    
 -0.9736171    
 -0.9383202    
 -0.8888853    
 -0.8260515    
 -0.7507683    
 -0.6641761    
 -0.5675691    
 -0.4624083    
 -0.3502858    
 -0.2328773    
 -0.1119592    
  1.0638637E-02
  0.1330837    
  0.2535231    
  0.3701346    
  0.4811751    
  0.5849640    
  0.6799312    
  0.7646576    
  0.8378597    
  0.8984313    
  0.9454668    
  0.9782532    
  0.9962959    
  0.9993250    
  0.9872934    
  0.9603845    
  0.9190005    
  0.8637702    
  0.7955191    
  0.7152787    
  0.6242644    
  0.5238366    
  0.4155140    
  0.3009365    
  0.1818168    
  5.9956837E-02
 -6.2799081E-02
 -0.1846162    
 -0.3036509    
 -0.4181025    
 -0.5262601    
 -0.6264865    
 -0.7172658    
 -0.7972413    
 -0.8652016    
 -0.9201195    
 -0.9611742    
 -0.9877431    
 -0.9994256    
 -0.9960470    
 -0.9776571    
 -0.9445354    
 -0.8971772    
 -0.8362977    
 -0.7628193    
 -0.6778404    
 -0.5826458    
 -0.4786769    
 -0.3674877    
 -0.2507601    
 -0.1302609    
 -7.7911424E-03
  0.1147960    
  0.2356457    
  0.3529515    
  0.4649381    
  0.5699113    
  0.6663022    
  0.7526513    
  0.8276531    
  0.8901863    
  0.9393036    
  0.9742630    
  0.9945420    
  0.9998323    
  0.9900553    
  0.9653572    
  0.9261102    
  0.8729096    
  0.8065506    
  0.7280362    
  0.6385554    
  0.5394458    
  0.4322062    
  0.3184602    
  0.1999077    
  7.8350119E-02
 -4.4395778E-02
 -0.1664726    
 -0.2860332    
 -0.4012906    
 -0.5105001    
 -0.6120099    
 -0.7043027    
 -0.7859810    
 -0.8558099    
 -0.9127457    
 -0.9559256    
 -0.9846975    
 -0.9986313    
 -0.9975148    
 -0.9813664    
 -0.9504273    
 -0.9051644    
 -0.8462639    
 -0.7746062    
 -0.6912745    
 -0.5975307    
 -0.4947761    
 -0.3845648    
 -0.2685651    
 -0.1485108    
 -2.6218275E-02
  9.6461751E-02
  0.2176956    
  0.3356487    
  0.4485363    
  0.5546713    
  0.6524469    
  0.7403843    
  0.8171694    
  0.8816389    
  0.9328185    
  0.9699433    
  0.9924502    
   1.000000    
  0.9924788    
