  0.9924653    
  0.9954534    
   1.285379    
   1.548609    
   1.780295    
   1.578756    
  0.9878919    
   1.470099    
   1.244510    
   1.168453    
  0.5628564    
  0.9677685    
  6.3818254E-02
  0.7398924    
  0.4325325    
  0.3500967    
 -0.1944954    
 -0.5477143    
  0.2170002    
 -0.6768712    
 -0.8058848    
 -0.8200893    
 -0.3915687    
 -5.4890990E-02
 -0.9218657    
 -8.6848021E-02
 -0.8928969    
 -0.3181940    
 -6.0503185E-02
 -0.7347963    
  0.2085202    
  7.3861599E-02
 -0.5924428    
 -0.3407384    
  0.5933415    
  0.4675406    
  5.1383778E-02
  0.6147754    
  0.6172446    
  0.6798545    
   1.157571    
  0.4575212    
   1.528728    
   1.224232    
   1.495024    
   1.251297    
   1.582355    
   1.720592    
   1.404027    
   1.198792    
   1.730942    
   1.660285    
   1.696365    
   1.150815    
   1.198492    
   1.090711    
   1.505024    
   1.216186    
   1.206736    
   1.096052    
  0.8478479    
  0.7064596    
  0.2374278    
  0.5272256    
  6.4018011E-02
  0.7172590    
  0.2218546    
 -0.4609461    
 -0.2682075    
 -0.1244488    
 -8.6456239E-02
 -0.8193499    
 -0.6314681    
 -0.4836149    
 -0.1401823    
 -0.7670832    
 -0.3759143    
 -0.9423049    
 -0.4379850    
 -0.1104839    
 -0.5334760    
  9.4614029E-02
 -1.4536560E-02
  0.1194537    
 -0.2672904    
  0.2530854    
  0.3512104    
  0.7507095    
  0.9083355    
  0.5607907    
  0.6114981    
  0.6179345    
   1.019090    
  0.6924416    
   1.550623    
   1.250761    
   1.333236    
   1.428578    
   1.288670    
   1.448442    
   1.179903    
   1.602107    
   1.635369    
   1.456058    
   1.692102    
   1.559298    
   1.812795    
   1.653997    
   1.463917    
   1.562833    
   1.125325    
  0.6777222    
  0.4913296    
  0.4166836    
  0.9501404    
  0.1082789    
  0.4435821    
  0.1979236    
 -0.2057698    
 -0.3953013    
  0.1797624    
  0.1161298    
 -0.3699910    
 -0.2809603    
 -0.3082471    
 -0.7835151    
 -0.9036744    
 -0.2931548    
 -0.7337963    
 -0.6714327    
 -0.5483210    
 -0.7195435    
  6.0096979E-02
  0.2323538    
 -0.4517798    
  0.1302016    
 -0.2333925    
  0.6389256    
  0.3988175    
  0.6553353    
  0.9647673    
  0.5166429    
   1.261101    
   1.172028    
   1.077210    
  0.7916939    
   1.334861    
   1.593439    
   1.009008    
   1.510441    
   1.613746    
   1.361104    
   1.815978    
   1.542549    
   1.964153    
   1.880362    
   1.718556    
  0.9018940    
  0.9777212    
   1.324728    
  0.7049005    
  0.6610883    
  0.9058740    
  0.4805895    
  0.4188146    
  9.8649383E-02
 -7.3158696E-02
  0.5905507    
  0.2085586    
  0.4951711    
  0.1671384    
 -0.1097367    
  3.6725998E-02
 -0.7723523    
 -0.6287655    
 -0.3168515    
 -0.6117048    
 -0.7702293    
 -8.8965356E-02
 -0.7892579    
 -1.5481889E-02
 -6.8128109E-02
 -0.1897428    
 -0.5804623    
 -0.3638389    
  0.2511559    
 -0.1678945    
  9.1708571E-02
  0.3873595    
  0.6820424    
  0.2308237    
  0.1768205    
  0.9756269    
  0.8835880    
   1.176095    
  0.5428084    
   1.334037    
   1.290751    
   1.718767    
   1.052620    
   1.793816    
   1.427971    
   1.319873    
   1.878025    
   1.643909    
   1.489033    
   1.572813    
   1.473829    
   1.172656    
   1.658523    
  0.9161890    
  0.7464953    
  0.7726736    
   1.091282    
  0.5297918    
   1.018531    
  0.7228926    
  8.3324395E-02
  0.1513818    
  0.2987705    
 -1.2456328E-02
  0.2584823    
 -0.2346715    
 -0.1812178    
 -0.4621934    
 -0.1034496    
 -0.7220546    
 -0.2031285    
 -0.4541415    
 -0.5455391    
 -0.7959023    
 -0.2224145    
 -0.6474931    
 -0.6892397    
 -0.1953875    
 -0.4249869    
  9.6019745E-02
 -0.1456841    
 -0.3949834    
  0.3276844    
  0.7319708    
  0.6940849    
  0.1637992    
  0.3273982    
  0.6900489    
   1.256581    
   1.268390    
   1.513715    
  0.7168850    
  0.9920170    
   1.297656    
   1.196727    
   1.354604    
   1.546403    
   1.875751    
   1.886655    
   1.689367    
   1.259179    
   1.436791    
   1.436620    
   1.263137    
   1.354268    
   1.218112    
   1.172907    
  0.7710758    
  0.8635440    
  0.9551998    
  0.7305013    
 -5.2965559E-02
  0.2485372    
  0.6689891    
 -0.3452027    
  0.2143571    
 -0.2839837    
 -0.6463916    
  3.5471261E-02
 -0.4479077    
 -0.8630022    
 -5.6312382E-02
 -0.6836394    
 -0.8803367    
 -0.5958726    
 -3.0607760E-02
 -0.5383296    
 -0.3017045    
 -0.1007097    
  0.2111786    
 -0.4529042    
 -0.2235194    
 -0.1762206    
  0.5914964    
  0.2171527    
  0.2747196    
  0.1965834    
   1.003979    
  0.2909757    
   1.191721    
  0.7828857    
  0.9140708    
  0.9316802    
   1.722719    
   1.768107    
   1.761133    
   1.411314    
   1.369998    
   1.733347    
   1.530058    
   1.556901    
   1.079051    
   1.028471    
   1.332432    
   1.476143    
   1.360456    
  0.7211460    
   1.408488    
   1.171912    
   1.117449    
  0.4577630    
  0.9796606    
  4.6106718E-02
  0.6111815    
 -0.2370517    
  6.3494742E-02
 -0.1354580    
  0.2818165    
 -0.3991658    
 -0.5552483    
 -0.8092051    
 -4.1804910E-02
 -0.1822836    
 -0.3868257    
 -7.4501038E-02
 -0.9334815    
 -0.2397842    
 -0.8026579    
 -0.3614083    
 -0.6994203    
 -0.7443789    
 -0.3617110    
 -0.4893925    
 -0.2172990    
  5.3087980E-02
 -0.1585453    
  0.2531282    
  0.1149598    
  0.1544950    
  0.4205877    
   1.195450    
  0.5102426    
   1.036652    
   1.620192    
   1.137675    
   1.017529    
   1.797495    
   1.822225    
   1.529913    
   1.403888    
   1.741230    
   1.096576    
   1.942483    
   1.098424    
   1.291590    
   1.310034    
   1.116914    
   1.481478    
  0.8125727    
   1.402292    
  0.8534520    
  0.9579493    
  0.7417860    
  1.2061970E-02
 -1.6029477E-03
  0.6783267    
 -0.1761102    
  0.3677641    
 -0.3664412    
 -9.4088435E-02
  7.6343715E-02
 -0.2867621    
 -0.2075455    
 -0.6920916    
 -0.3359248    
 -0.1108758    
 -6.6863775E-02
 -0.8857915    
 -0.1350686    
 -5.9479654E-02
 -0.3646043    
 -9.7334385E-02
 -0.1507545    
  0.1812515    
  0.1559256    
  7.3823363E-02
  0.5161740    
  0.6401176    
  0.1823643    
  0.1734157    
  0.9019476    
  0.8686627    
  0.7755512    
  0.8890227    
  0.8482348    
  0.9834535    
   1.668511    
   1.090573    
   1.110226    
   1.191571    
   1.349896    
   1.733755    
   1.319698    
   1.674052    
   1.344573    
   1.334039    
   1.174282    
   1.584631    
   1.433294    
   1.239820    
   1.349141    
   1.203424    
   1.229418    
  0.7761365    
  0.8488623    
  0.7793865    
  0.6016994    
 -0.1549922    
  0.1689067    
 -0.4405162    
 -0.4804941    
  0.2079771    
 -0.4721915    
 -0.7330689    
 -0.9255706    
 -0.4787380    
 -2.4009705E-02
 -0.3634260    
 -0.1049139    
 -0.1161949    
 -0.2962731    
 -0.8087574    
 -0.4731041    
 -0.4198909    
 -0.5075976    
  0.3747390    
 -0.1707614    
 -0.1445645    
  8.6618647E-02
  0.9175253    
  0.6300874    
  0.7283162    
  0.8862008    
   1.175342    
   1.368527    
   1.252818    
   1.286088    
  0.9330398    
   1.750085    
   1.006654    
   1.921532    
   1.366211    
   1.963957    
   1.188375    
   1.611189    
   1.399410    
   1.358907    
   1.753861    
   1.365342    
  0.7298272    
  0.6802076    
  0.9820629    
  0.9812214    
  0.3359121    
  0.6126739    
  0.8482255    
  1.3516717E-02
 -0.1786024    
  0.3553504    
  0.4478442    
 -0.2468877    
 -0.6006063    
 -0.6475513    
  0.1398781    
 -0.8059322    
 -0.5634431    
 -0.1611825    
 -9.1003716E-02
 -0.5465424    
 -0.1640446    
 -0.6469025    
 -0.6511837    
 -0.5296047    
 -0.6286997    
 -0.4282230    
 -0.4863564    
  0.3073683    
  0.4263506    
  0.2450642    
  0.1632751    
  5.2354619E-02
   1.015176    
  0.6742380    
  0.8105393    
  0.5323887    
  0.9722982    
  0.9036854    
   1.584061    
   1.504023    
   1.619448    
   1.166223    
   1.286653    
   1.681509    
   1.167226    
   1.330885    
   1.642206    
   1.492567    
   1.335302    
   1.681109    
   1.701147    
   1.664973    
   1.145079    
   1.237770    
   1.355556    
  0.8229745    
  0.3666074    
  0.7204525    
  0.4830008    
  0.5250673    
 -0.2040589    
 -9.3736321E-02
  0.2402438    
 -0.1507407    
  9.3419731E-02
 -0.7213103    
 -2.0093918E-02
 -0.6173441    
 -0.5788378    
 -0.5946822    
 -0.6147466    
 -0.5368536    
 -0.1930666    
 -0.1834234    
  6.3762963E-02
 -0.4613417    
 -0.7305620    
  0.2451881    
  9.2117369E-02
  0.2158594    
 -0.2688468    
 -6.4968273E-02
  0.4866958    
  0.4031047    
  0.7107210    
  0.7795836    
  0.9479592    
   1.464166    
   1.356982    
   1.535404    
  0.9974520    
   1.802862    
   1.209509    
   1.211164    
   1.522320    
   1.226932    
   1.716814    
   1.951483    
   1.566986    
   1.489609    
   1.503557    
   1.578822    
  0.9287110    
   1.182193    
  0.6360931    
   1.347435    
   1.103453    
  0.4538966    
  0.5933497    
  0.6587844    
  0.3815580    
  0.1874593    
  0.4676888    
  0.2506268    
 -0.5248933    
 -0.1635619    
 -8.0743194E-02
 -0.7662632    
 -0.8634079    
 -0.3385859    
 -0.4738057    
 -0.3743148    
 -0.2564318    
 -0.7611311    
 -0.6642995    
 -0.5072591    
 -0.8276900    
  9.2194796E-02
  0.1678127    
 -0.4740174    
  0.3474334    
  4.9082905E-02
  0.3525014    
  0.5237631    
  7.1420357E-02
  0.4515752    
   1.197324    
  0.9173653    
   1.115301    
   1.003094    
   1.634869    
  0.8748231    
   1.609467    
   1.733917    
   1.575957    
   1.487939    
   1.713307    
   1.148845    
   1.003742    
   1.340827    
   1.284116    
   1.634376    
  0.9575052    
   1.220875    
   1.606788    
   1.310809    
  0.8095357    
   1.195515    
   1.108061    
   1.058228    
  0.3965652    
  0.5765008    
 -9.6228406E-02
  0.3143631    
 -0.3931713    
 -0.1338160    
 -0.3605087    
 -0.2120898    
 -0.1658431    
 -0.3074533    
 -0.4290776    
 -0.3246628    
 -0.4802678    
 -0.3991451    
 -0.7376046    
 -0.3848161    
  8.2385600E-02
 -0.1661397    
  2.4552524E-02
  0.2865906    
 -0.1099780    
  6.3714683E-02
  0.4703773    
  9.3533725E-02
  0.3684783    
  0.5180662    
  0.4151791    
   1.058934    
  0.7326223    
  0.8118610    
  0.8969444    
   1.356299    
   1.577956    
   1.553552    
   1.622109    
   1.884016    
   1.018174    
   1.347171    
   1.706142    
   1.837418    
   1.574491    
   1.165103    
   1.000076    
   1.016063    
   1.019220    
   1.537374    
   1.339500    
  0.8304920    
   1.271798    
  0.6641846    
   1.083975    
  0.5550719    
  0.5168173    
 -0.1350473    
  0.5580398    
 -0.1324539    
  0.2628694    
  0.1549321    
 -0.4174702    
 -0.7888919    
 -0.8365152    
 -3.1832039E-02
 -0.7545837    
 -0.9695725    
 -0.9440371    
 -0.9522796    
 -0.8785162    
 -0.4582604    
 -0.3396258    
 -0.2085086    
 -0.6109285    
  1.4759541E-02
  3.7255943E-02
  0.3461790    
 -0.2357427    
  0.4218890    
  0.1728894    
  0.9087898    
  0.5913387    
  0.8931407    
  0.8244593    
   1.275051    
  0.9295239    
  0.7472237    
   1.515935    
   1.014835    
  0.9927711    
  0.9894138    
   1.984991    
   1.638500    
   1.760294    
   1.019708    
   1.027271    
   1.791693    
   1.153270    
   1.623724    
   1.152161    
   1.263338    
   1.295482    
  0.4338258    
  0.6362296    
  0.7420197    
  0.3470140    
  0.4509355    
  5.8046788E-02
  0.2633076    
  0.2226126    
  5.4682255E-02
 -0.6415495    
 -0.6400751    
 -0.2433904    
 -0.4447010    
 -7.7501774E-02
 -0.7250216    
 -0.2100713    
 -3.5058260E-03
 -0.8185586    
 -0.3149053    
 -0.1481639    
 -0.5464320    
 -0.1903090    
 -0.4146485    
 -0.4155023    
  0.4370641    
  0.1753794    
 -0.2412691    
  0.2614318    
  0.7727277    
  0.5501270    
   1.100558    
   1.273280    
   1.134056    
  0.7823112    
  0.7370303    
   1.023912    
   1.412241    
   1.254963    
   1.686461    
   1.065639    
  0.9994660    
   1.987324    
   1.678126    
  0.9828922    
   1.904247    
   1.217953    
   1.143695    
   1.252417    
  0.8581851    
   1.546764    
  0.6504098    
  0.5831102    
  0.7900754    
  0.6494333    
  0.5457783    
  0.3965316    
  0.3625688    
 -0.1507479    
  0.4849560    
 -0.2836309    
 -0.5810680    
 -0.5201054    
 -0.1313832    
 -0.1041189    
 -0.7428480    
 -0.6899036    
 -5.0563812E-03
 -0.3396798    
 -0.4906977    
 -0.4518922    
 -0.2356680    
 -0.2676198    
 -0.7342076    
 -0.3206185    
 -0.6016266    
  0.3356414    
 -0.1359644    
  0.2519627    
  0.6126057    
  0.8705229    
  0.2205925    
  0.9964699    
  0.8280519    
  0.4248776    
  0.8576355    
  0.9556179    
   1.514854    
   1.055280    
   1.537615    
   1.849590    
   1.902581    
   1.894263    
   1.817650    
   1.121869    
   1.387404    
   1.124960    
   1.840237    
   1.215811    
   1.592712    
   1.440440    
   1.498165    
  0.8516862    
  0.7930121    
   1.022321    
  0.9167377    
  0.1558616    
  0.3705716    
  0.4505767    
  0.1173190    
  0.5161326    
 -0.4918143    
 -0.3184804    
 -0.4955860    
 -6.4090371E-02
 -0.6037008    
  4.1625559E-02
 -0.4071680    
 -2.7456403E-02
 -0.3316063    
 -0.4407856    
 -0.6397685    
 -0.4594254    
 -0.7237808    
 -0.1241614    
 -0.5727386    
 -0.1992690    
  0.4379157    
  2.9760599E-02
  5.7098597E-02
  0.7697544    
  0.7283570    
  0.9832044    
  0.2746956    
  0.6701447    
   1.188102    
   1.003139    
   1.381398    
  0.8296638    
  0.8482347    
   1.220210    
   1.266051    
   1.900025    
   1.093849    
   1.186412    
   1.942535    
   1.021724    
   1.144764    
   1.178423    
   1.790964    
   1.335610    
   1.103848    
   1.572417    
   1.175489    
  0.8927339    
  0.9729600    
  0.4857870    
  0.5473315    
  0.5707005    
  0.2518381    
 -0.1523581    
  0.3799186    
 -0.5121088    
 -9.5468700E-02
 -0.5997647    
 -0.5322955    
 -0.7152588    
 -7.4536920E-02
 -6.7083716E-02
 -0.9840058    
 -0.6970759    
 -0.7167919    
 -0.6618586    
 -5.8877945E-02
 -0.8817324    
 -0.1839323    
  0.2212982    
  0.2400903    
  0.3222242    
 -0.1328054    
  0.5190350    
 -0.1847595    
 -4.3033756E-02
  6.6896796E-02
  0.7091638    
  0.3134156    
   1.127996    
  0.8223559    
   1.374427    
  0.9719681    
   1.028679    
   1.721948    
   1.156959    
   1.778712    
  0.9876226    
   1.795105    
   1.840894    
   1.496738    
   1.832943    
   1.715456    
   1.488378    
   1.598805    
   1.248609    
   1.005439    
  0.5375450    
  0.9303832    
  0.5222949    
  0.2606264    
  0.6812468    
  0.1361154    
  0.6436802    
 -2.1421343E-02
 -9.2669725E-02
 -0.1764758    
 -0.4075819    
 -0.2112936    
 -0.6840920    
 -0.2620214    
 -3.1561971E-02
 -0.9040854    
 -0.3127574    
 -0.1603984    
 -4.6426296E-02
 -0.7514033    
 -0.1519338    
 -0.1627645    
 -0.2375854    
 -0.7130536    
 -0.6749565    
 -1.8549144E-02
 -0.1108932    
 -0.2030226    
  0.1461724    
  0.6374061    
  0.8859479    
  0.7782044    
  0.6666760    
  0.4132853    
   1.102544    
   1.195874    
  0.8053957    
  0.9838333    
  0.9904308    
  0.9186636    
   1.330723    
   1.663013    
   1.522407    
   1.681458    
   1.337738    
   1.487931    
   1.742028    
  0.9038039    
   1.550162    
  0.7952859    
  0.8847436    
  0.9352864    
   1.281114    
  0.5098546    
   1.166315    
   1.005960    
  0.6131651    
  0.4346473    
  0.4837186    
  0.2626962    
 -0.2558823    
 -3.4595907E-02
  0.2696112    
 -0.4868405    
  8.9929402E-02
 -0.4823613    
 -5.9230089E-02
 -0.2798411    
 -0.8862520    
 -0.2555964    
 -0.3110198    
 -0.6551573    
 -0.2461268    
 -0.5745516    
 -0.1031525    
 -0.1270549    
  0.1230989    
  0.1388461    
 -0.2851232    
  0.1276102    
  0.1838079    
 -2.5850013E-02
  0.8386647    
  0.2398462    
  0.4031191    
  0.9390521    
   1.324266    
  0.9070132    
   1.241648    
   1.231120    
   1.618117    
   1.125675    
   1.942146    
   1.025787    
   1.778497    
   1.078515    
