  0.992464843884394     
  0.969972932692950     
  0.932863226549999     
  0.881694980313924     
  0.817239315431826     
  0.740467598898548     
  0.652536804452775     
  0.554772076621540     
  0.448646760378462     
  0.335760197374958     
  0.217813623362201     
  9.658453003716325E-002
 -2.610012231223899E-002
 -0.148391437669123     
 -0.268446447727895     
 -0.384455886002048     
 -0.494671454035023     
 -0.597432168803822     
 -0.691189394251779     
 -0.774530179717458     
 -0.846198553542300     
 -0.905114450955659     
 -0.950389990988134     
 -0.981342857115001     
 -0.997506579979274     
 -0.998637567230572     
 -0.984718774537888     
 -0.955959962452982     
 -0.912794535253371     
 -0.855873009404549     
 -0.786053210073734     
 -0.704387343436761     
 -0.612106139602482     
 -0.510600305125753     
 -0.401399564625426     
 -0.286149607356722     
 -0.166587286160313     
 -4.451444254771871E-002
  7.822924761286845E-002
  0.199793998586317     
  0.318347791619147     
  0.432103984034161     
  0.539348234493428     
  0.638464338657527     
  0.727958585889564     
  0.806482269940853     
  0.872852014375197     
  0.926067606421265     
  0.965327070491354     
  0.990038754203897     
  0.999830244769587     
  0.994553981368392     
  0.974289478937180     
  0.939342129854800     
  0.890238601583577     
  0.827718899626212     
  0.752725215411805     
  0.666387727176837     
  0.570007567826265     
  0.465037216454399     
  0.353058609031431     
  0.235759298134443     
  0.114907021003157     
 -7.676940812205464E-003
 -0.130145208732547     
 -0.250652147721893     
 -0.367381680583646     
 -0.478574656810976     
 -0.582555363534220     
 -0.677756779037037     
 -0.762744188262944     
 -0.836236804419188     
 -0.897127070833603     
 -0.944497352179484     
 -0.977633763526467     
 -0.996036928809332     
 -0.999429506581223     
 -0.987760369635849     
 -0.961205375510446     
 -0.920164716257782     
 -0.865256887426968     
 -0.797309367142424     
 -0.717346145750174     
 -0.626572293963612     
 -0.526355802071592     
 -0.418206963897644     
 -0.303755616200491     
 -0.184726576525212     
 -6.291364966429568E-002
  5.984740554066662E-002
  0.181706541657903     
  0.300827303457901     
  0.415414503867116     
  0.523741277997679     
  0.624175107540443     
  0.715202423325622     
  0.795451415282765     
  0.863712706046838     
  0.918957576652720     
  0.960353469651208     
  0.987276536009725     
  0.999321036712027     
  0.996305457371860     
  0.978275243711439     
  0.945502116680222     
  0.898479977535362     
  0.837917464595553     
  0.764727273840303     
  0.680012404296557     
  0.585049535498964     
  0.481269787530677     
  0.370237153596854     
  0.253624930158731     
  0.133190499833497     
  1.074884708954094E-002
 -0.111854794136180     
 -0.232772748689711     
 -0.350182745241571     
 -0.462315378484657     
 -0.567480774624689     
 -0.664094058305917     
 -0.750699237177582     
 -0.825991144153248     
 -0.888835106686310     
 -0.938284046639546     
 -0.973592753048360     
 -0.994229112682690     
 -0.999882129159532     
 -0.990466609755530     
 -0.966124449287924     
 -0.927222491715340     
 -0.874347001684805     
 -0.808294829340456     
 -0.730061401543072     
 -0.640825720476478     
 -0.541932595716512     
 -0.434872377530828     
 -0.321258496835025     
 -0.202803150284988     
 -8.129149693868296E-002
  4.144524464823051E-002
  0.163557393457796     
  0.283204681280230     
  0.398583986130429     
  0.507956505859283     
  0.609673962444961     
  0.702203442057354     
  0.784150496548111     
  0.854280158219629     
  0.911535551173848     
  0.955053818762027     
  0.984179127103851     
  0.998472548708780     
  0.997718677250373     
  0.981928873806891     
  0.951341095646298     
  0.906416310135932     
  0.847831547820355     
  0.776469699359654     
  0.693406210091527     
  0.599892872734261     
  0.497338962479610     
  0.387289998775645     
  0.271404453866105     
  0.151428759095862     
  2.917098564525864E-002
 -9.352640366711057E-002
 -0.214814320874354     
 -0.332864919194285     
 -0.445899139251142     
 -0.552213520055855     
 -0.650205870695030     
 -0.738399415848264     
 -0.815465051253321     
 -0.880241373722349     
 -0.931752183850550     
 -0.969221197646010     
 -0.992083745371837     
 -0.999995281295399     
 -0.992836576100102     
 -0.970715513708409     
 -0.933965465437449     
 -0.883140265989178     
 -0.819005866988495     
 -0.742528793853102     
 -0.654861579953676     
 -0.557325397576125     
 -0.451390147442717     
 -0.338652306849254     
 -0.220810870253754     
 -9.964174489948342E-002
  2.302901266168488E-002
  0.145352715811665     
  0.265485908150709     
  0.381618144960935     
  0.491999277173504     
  0.594965826661537     
  0.688966055374881     
  0.772583350517018     
  0.844557573342229     
  0.903804049839938     
  0.949429917110725     
  0.980747579089000     
  0.997285068830399     
  0.998793161200999     
  0.985249128777901     
  0.956857084358590     
  0.914044904917349     
  0.857457783365655     
  0.787948505293558     
  0.706564597224571     
  0.614532540063889     
  0.513239285648205     
  0.404211354948478     
  0.289091832922277     
  0.169615606710443     
  4.758322034619721E-002
 -7.516626000563270E-002
 -0.196782961349925     
 -0.315434082024892     
 -0.429331512595378     
 -0.536758783220353     
 -0.636096931389353     
 -0.725848900192999     
 -0.804662099438055     
 -0.871348789603957     
 -0.924903981448240     
 -0.964520581508206     
 -0.989601555251415     
 -0.999768924572491     
 -0.994869464041198     
 -0.974977010057505     
 -0.940391348113993     
 -0.891633694934873     
 -0.829438843577216     
 -0.754744089870154     
 -0.668675107074088     
 -0.572528981633177     
 -0.467754665677636     
 -0.355931140862726     
 -0.238743622622205     
 -0.117958163445556     
  4.604962084438125E-003
  0.127098689398007     
  0.247676999778169     
  0.364522740439185     
  0.475875009586406     
  0.580055693756128     
  0.675494757509454     
  0.760753904356565     
  0.834548252333910     
  0.895765697576571     
  0.943483674070744     
  0.976983057011620     
  0.995759000238727     
  0.999528544425197     
  0.988234881363172     
  0.962048210081228     
  0.921363171891883     
  0.866792903023787     
  0.799159794467327     
  0.719483098285609     
  0.628963567167646     
  0.528965358710416     
  0.420995477137926     
  0.306681062277032     
  0.187744868052224     
  6.597930004606849E-002
 -5.678059661257828E-002
 -0.178684791951606     
 -0.297896151684954     
 -0.412618123399926     
 -0.521121811163006     
 -0.621772030521370     
 -0.713051951243142     
 -0.793585956422601     
 -0.862160373456467     
 -0.917741764468969     
 -0.959492500543300     
 -0.986783385050936     
 -0.999203135841283     
 -0.996564583392097     
 -0.978907491512623     
 -0.946497958090583     
 -0.899824404913915     
 -0.839590217001927     
 -0.766703142373448     
 -0.682261612000755     
 -0.587538186111842     
 -0.483960376310457     
 -0.373089132530539     
 -0.256595319033320     
 -0.136234533961202     
 -1.382065192560799E-002
  0.108801511649744     
  0.229784002473299     
  0.347303576633845     
  0.459589177455508     
  0.564948625874831     
  0.661794122107620     
  0.748666174287468     
  0.824255593463861     
  0.887423223488431     
  0.937217108453798     
  0.972886838966334     
  0.993894861050013     
  0.999924577252670     
  0.990885117868467     
  0.966912710372727     
  0.928368626431340     
  0.875833737423972     
  0.810099760530998     
  0.732157327308394     
  0.643181054560877     
  0.544511842499928     
  0.437636666958918     
  0.324166170203011     
  0.205810388047342     
  8.435297908337269E-002
 -3.837565561300911E-002
 -0.160525957197225     
 -0.280257082485272     
 -0.395764646035258     
 -0.505307912799410     
 -0.607236031544774     
 -0.700012913696722     
 -0.782240382673380     
 -0.852679244843283     
 -0.910267964560324     
 -0.954138661837375     
 -0.983630191568665     
 -0.998298107192968     
 -0.997921358642046     
 -0.982505623634193     
 -0.952283222109251     
 -0.907709615094580     
 -0.849456540765162     
 -0.778401891139564     
 -0.695616481973126     
 -0.602347915230182     
 -0.500001777332900     
 -0.390120456535044     
 -0.274359898649422     
 -0.154464651427436     
 -3.224157367975350E-002
  9.046739465011534E-002
  0.211812991095863     
  0.329966499631162     
  0.443147309991179     
  0.549649752025214     
  0.647868800678421     
  0.736324264220538     
  0.813683091197435     
  0.878779459932734     
  0.930632347824469     
  0.968460315662022     
  0.991693284159011     
  0.999981125226129     
  0.993198938510770     
  0.971448933684347     
  0.935058890110624     
  0.884577217108361     
  0.820764689251658     
  0.744582981259583     
  0.657180175257881     
  0.559873458822874     
  0.454129274553438     
  0.341541220323154     
  0.223806033262772     
  0.102698019401883     
 -1.995768567691831E-002
 -0.142312622201149     
 -0.262522863074367     
 -0.378776802433229     
 -0.489322457113482     
 -0.592493869583285     
 -0.686736214443389     
 -0.770629230131357     
 -0.842908622706746     
 -0.902485119155560     
 -0.948460883074678     
 -0.980143045346773     
 -0.997054145894240     
 -0.998939329151656     
 -0.985770184818721     
 -0.957745176012347     
 -0.915286648365529     
 -0.859034465146787     
 -0.789836364320911     
 -0.708735182873150     
 -0.616953140930245     
 -0.515873422521500     
 -0.407019330563573     
 -0.292031330209907     
 -0.172642326528682     
 -5.065154908235417E-002
  7.210256302363958E-002
  0.193770066992204     
  0.312517395550132     
  0.426554989379428     
  0.534164266334996     
  0.633723521014145     
  0.723732364363347     
  0.802834335009756     
  0.869837341557631     
  0.923731627777869     
  0.963704989949649     
  0.989155017024109     
  0.999698169146947     
  0.995175557723770     
  0.975655339920825     
  0.941431691515225     
  0.893020373574134     
  0.831150959774445     
  0.756755841499683     
  0.670956176410732     
  0.575044992249811     
  0.470467700508686     
  0.358800313626194     
  0.241725693988706     
  0.121008192668501     
 -1.532939897759238E-003
 -0.124050970581129     
 -0.244699514405249     
 -0.361660360144456     
 -0.473170871334641     
 -0.577550549755097     
 -0.673226361061431     
 -0.758756440904287     
 -0.832851824275277     
 -0.894395870612104     
 -0.942461091920496     
 -0.976323130307880     
 -0.995471674282970     
 -0.999618149309289     
 -0.988700066713531     
 -0.962881965409381     
 -0.922552932244708     
 -0.868320738341285     
 -0.801002679794227     
 -0.721613260764634     
 -0.631348904585129     
 -0.531569923286693     
 -0.423780017271611     
 -0.309603614078898     
 -0.190761387754098     
 -6.904432775418440E-002
  5.371325182277210E-002
  0.175661355923806     
  0.294962188544117     
  0.409817848886666     
  0.518497426288563     
  0.619363085585213     
  0.710894749797612     
  0.791713008167031     
  0.860599904305857     
  0.916517291180644     
  0.958622476312037     
  0.986280921413550     
  0.999075805081672     
  0.996814304424565     
  0.979530500963241     
  0.947484867012405     
  0.901160340281347     
  0.841255045851864     
  0.768671775215308     
  0.684504380922936     
  0.590021291886429     
  0.486646397758131     
  0.375937590469418     
  0.259563286312880     
  0.139277282387855     
  1.689232633053094E-002
 -0.105747202358913     
 -0.226793087691231     
 -0.344421130380155     
 -0.456858639095224     
 -0.562411145473607     
 -0.659487940287389     
 -0.746626045928316     
 -0.822512263937149     
 -0.886002965314453     
 -0.936141325366687     
 -0.972171743353103     
 -0.993551229624827     
 -0.999957588648402     
 -0.991294274593075     
 -0.967691846306618     
 -0.929505999752724     
 -0.877312207561770     
 -0.811897046478605     
 -0.734246343405413     
 -0.645530318682477     
 -0.547085950502277     
 -0.440396826230698     
 -0.327070784282194     
 -0.208815683492850     
 -8.741366515448855E-002
  3.530570441102587E-002
  0.157493005987516     
  0.277306838789543     
  0.392941570947167     
  0.502654550941995     
  0.604792369909681     
  0.697815779027775     
  0.780322886476058     
  0.851070284383987     
  0.908991787375539     
  0.953214500315735     
  0.983071973112857     
  0.998114244329414     
  0.998114622241507     
  0.983073101153883     
  0.953216361485763     
  0.908994353626153     
  0.851073517040990     
  0.780326736822306     
  0.697820189037342     
  0.604797273122342     
  0.502659873464809     
  0.392947232568060     
  0.277312754186120     
  0.157499086012884     
  3.531185743731714E-002
 -8.740753185529387E-002
 -0.208809662351500     
 -0.327064966039161     
 -0.440391298568722     
 -0.547080796724943     
 -0.645525616458821     
 -0.734242163599428     
 -0.811893452081262     
 -0.877309252741756     
 -0.929503729040106     
 -0.967690293921740     
 -0.991293463930862     
 -0.999957531925787     
 -0.993551927696639     
 -0.972173185699179     
 -0.936143490250423     
 -0.886005820110377     
 -0.822515765622590     
 -0.746630141731784     
 -0.659492568483846     
 -0.562416236314694     
 -0.456864115860377     
 -0.344426910532795     
 -0.226799084122665     
 -0.105753324701054     
  1.688617034330530E-002
  0.139271185528187     
  0.259557340462348     
  0.375931885233839     
  0.486641019117188     
  0.590016320897939     
  0.684499892501234     
  0.768667837002306     
  0.841251717197671     
  0.901157671349816     
  0.947482898025168     
  0.979529261593549     
  0.996813813350108     
  0.999076069703096     
  0.986281937742926     
  0.958624229032967     
  0.916519753879072     
  0.860603039868151     
  0.791716769339287     
  0.710899079897795     
  0.619367919357363     
  0.518502690886208     
  0.409823464970686     
  0.294968071478379     
  0.175667417050640     
  5.371939979911220E-002
 -6.903818558026183E-002
 -0.190755343947065     
 -0.309597759720814     
 -0.423774440589500     
 -0.531564708322882     
 -0.631344129930745     
 -0.721608998375220     
 -0.800998993905318     
 -0.868317684500377     
 -0.922550556474134     
 -0.962880303512748     
 -0.988699143736144     
 -0.999617979160702     
 -0.995472259527377     
 -0.976324462125461     
 -0.942463150240348     
 -0.894398624414702     
 -0.832855232059961     
 -0.758760451314679     
 -0.673230913659379     
 -0.577555575931539     
 -0.473176295343534     
 -0.361666100244281     
 -0.244705484090915     
 -0.124057079887609     
 -1.539096755904299E-003
  0.121002081044466     
  0.241719719702883     
  0.358794566712923     
  0.470462267575737     
  0.575039955173194     
  0.670951611100756     
  0.756751816756996     
  0.831147536253172     
  0.893017602867811     
  0.941429615379269     
  0.975653989643247     
  0.995174953653675     
  0.999698320387861     
  0.989155921296783     
  0.963706633626412     
  0.923733986088002     
  0.869840378960665     
  0.802838005731067     
  0.723736613084027     
  0.633728283704651     
  0.534169471220085     
  0.426560558019863     
  0.312523244024762     
  0.193776107162696     
  7.210870386274042E-002
 -5.064540011902893E-002
 -0.172636262107916     
 -0.292025441724407     
 -0.407013706754667     
 -0.515868148141739     
 -0.616948295466178     
 -0.708730839347428     
 -0.789832588191825     
 -0.859031313321792     
 -0.915284168343605     
 -0.957743405168195     
 -0.985769149839520     
 -0.998939045634864     
 -0.997054618112543     
 -0.980144266183696     
 -0.948462834131829     
 -0.902487771029890     
 -0.842911935433686     
 -0.770633153787083     
 -0.686740689897174     
 -0.592498829388648     
 -0.489327826524607     
 -0.378782500531421     
 -0.262528803987508     
 -0.142318716397803     
 -1.996384131565084E-002
  0.102691895088462     
  0.223800032569991     
  0.341535433683321     
  0.454123789173021     
  0.559868357368263     
  0.657175534609591     
  0.744578871353649     
  0.820761172025633     
  0.884574345567937     
  0.935056707530819     
  0.971447472957316     
  0.993198221650126     
  0.999981163035185     
  0.991694076067975     
  0.968461849736575     
  0.930634600945630     
  0.878782398145267     
  0.813686670221554     
  0.736328430119235     
  0.647873490670301     
  0.549654895430642     
  0.443152829297430     
  0.329972311660547     
  0.211819008259298     
  9.047352626707653E-002
 -3.223542001466295E-002
 -0.154458568451863     
 -0.274353978035708     
 -0.390114787508680     
 -0.499996445327883     
 -0.602343000601511     
 -0.695612058785778     
 -0.778398026052348     
 -0.849453292026158     
 -0.907707031663296     
 -0.952281342918802     
 -0.982504477004564     
 -0.997920961853306     
 -0.998298466224847     
 -0.983631301010441     
 -0.954140504969414     
 -0.910270513606048     
 -0.852682461387778     
 -0.782244218242317     
 -0.700017310486885     
 -0.607240923295164     
 -0.505313225789803     
 -0.395770300197241     
 -0.280262992608866     
 -0.160532034215008     
 -3.838180794243247E-002
  8.434684415983407E-002
  0.205804362984895     
  0.324160345801227     
  0.437631130993371     
  0.544506678399334     
  0.643176340149838     
  0.732153133634568     
  0.810096150794353     
  0.875830766024366     
  0.928366338148692     
  0.966911139692171     
  0.990884288460654     
  0.999924501617031     
  0.993895540326402     
  0.972888262917842     
  0.937219255621032     
  0.887426061512910     
  0.824259079575675     
  0.748670255949824     
  0.661798737808578     
  0.564953706054345     
  0.459594645553693     
  0.347309350244741     
  0.229789994586795     
  0.108807631962817     
 -1.381449564797870E-002
 -0.136228434496043     
 -0.256589368301496     
 -0.373083420211423     
 -0.483954988490476     
 -0.587533203987136     
 -0.682257110653495     
 -0.766699189640341     
 -0.839586872451892     
 -0.899821718950366     
 -0.946495971191839     
 -0.978906233621861     
 -0.996564073466123     
 -0.999203381564843     
 -0.986784382720898     
 -0.959494235124466     
 -0.917744209820662     
 -0.862163492726474     
 -0.793589702602539     
 -0.713056267876917     
 -0.621776852555968     
 -0.521127065928849     
 -0.412623731706059     
 -0.297902029012451     
 -0.178690849727314     
 -5.678674354392646E-002
  6.597315659527622E-002
  0.187738820665695     
  0.306675202090763     
  0.420989892466766     
  0.528960133717098     
  0.628958780594450     
  0.719478822267682     
  0.799156093445597     
  0.866789832773818     
  0.921360778683291     
  0.962046529980415     
  0.988233939689783     
  0.999528355370543     
  0.995759566651921     
  0.976984370356639     
  0.943485714555069     
  0.895768434449461     
  0.834551644349842     
  0.760757900396800     
  0.675499297352408     
  0.580060708984960     
  0.475880424620052     
  0.364528473671398     
  0.247682964807350     
  0.127104796329289     
  4.611118884474844E-003
 -0.117952049561664     
 -0.238737643792610     
 -0.355925387190245     
 -0.467749223871908     
 -0.572523933703914     
 -0.668670529095162     
 -0.754740050833146     
 -0.829435404351664     
 -0.891630907350982     
 -0.940389254181528     
 -0.974975641332676     
 -0.994868841151116     
 -0.999769056904305     
 -0.989602440810844     
 -0.964522206949591     
 -0.924906322275674     
 -0.871351810540441     
 -0.804665754957125     
 -0.725853135204848     
 -0.636101682071032     
 -0.536763977977606     
 -0.429337073141592     
 -0.315439924560886     
 -0.196788997826870     
 -7.517239945193692E-002
  4.757707045392064E-002
  0.169609539052977     
  0.289085938941114     
  0.404205723467755     
  0.513234001536094     
  0.614527682953622     
  0.706560240314305     
  0.787944714243291     
  0.857454615307707     
  0.914042407595333     
  0.956855295407931     
  0.985248075158643     
  0.998792858791515     
  0.997285522188095     
  0.980748781381633     
  0.949431850219370     
  0.903806684632040     
  0.844560870110653     
  0.772587259578436     
  0.688970517818517     
  0.594970775236973     
  0.492004637304151     
  0.381623835867962     
  0.265491844070371     
  0.145358807287786     
  2.303516789383100E-002
 -9.963561867258237E-002
 -0.220804865356250     
 -0.338646513776829     
 -0.451384653498792     
 -0.557320285556138     
 -0.654856926897366     
 -0.742524669883489     
 -0.819002334255081     
 -0.883137377731357     
 -0.933963265182170     
 -0.970714034614206     
 -0.992835840457389     
 -0.999995300190540     
 -0.992084518520076     
 -0.969222713395760     
 -0.931754419358991     
 -0.880244295299671     
 -0.815468614870443     
 -0.738403567800365     
 -0.650210548410884     
 -0.552218653040834     
 -0.445904650149560     
 -0.332870724955170     
 -0.214820334003089     
 -9.353253354396814E-002
  2.916483139943636E-002
  0.151422673227481     
  0.271398528091116     
  0.387284322397313     
  0.497333621042730     
  0.599887946735965     
  0.693401773768138     
  0.776465819567949     
  0.847828283030008     
  0.906413709548353     
  0.951339198453160     
  0.981927708599481     
  0.997718261588731     
  0.998472888857057     
  0.984180217935907     
  0.955055643838682     
  0.911538082990628     
  0.854283358621266     
  0.784154317303546     
  0.702207825586616     
  0.609678842686897     
  0.507961809267110     
  0.398589632780149     
  0.283210586075067     
  0.163563467410650     
  4.145139622273455E-002
 -8.128536044869107E-002
 -0.202797121358314     
 -0.321252666329477     
 -0.434866833313958     
 -0.541927421341386     
 -0.640820993922545     
 -0.730057194040977     
 -0.808291204298569     
 -0.874344013733647     
 -0.927220185884261     
 -0.966122860326518     
 -0.990465761609945     
 -0.999882034611584     
 -0.994229773157247     
 -0.973594158591865     
 -0.938286176070020     
 -0.888837927912565     
 -0.825994614658530     
 -0.750703304660292     
 -0.664098661467812     
 -0.567485844094691     
 -0.462320837864272     
 -0.350188512256243     
 -0.232778736428729     
 -0.111860912362434     
  1.074269057961797E-002
  0.133184397820432     
  0.253618974601779     
  0.370231434248104     
  0.481264390582502     
  0.585044542285057     
  0.680007890066211     
  0.764723306624390     
  0.837914104181245     
  0.898477274565153     
  0.945500111888721     
  0.978273967311476     
  0.996304928599181     
  0.999321263535403     
  0.987277515010858     
  0.960355186076241     
  0.918960004634595     
  0.863715808995111     
  0.795455146435030     
  0.715206726452256     
  0.624179917791984     
  0.523746522882136     
  0.415420104342443     
  0.300833175123174     
  0.181712596025305     
  5.985355136899048E-002
 -6.290750499461550E-002
 -0.184720525616252     
 -0.303749750241338     
 -0.418201371290135     
 -0.526350567098069     
 -0.626567495516772     
 -0.717341856144097     
 -0.797305651022814     
 -0.865253800796915     
 -0.920162305633757     
 -0.961203677221307     
 -0.987759409275344     
 -0.999429298622286     
 -0.996037476385968     
 -0.977635058386526     
 -0.944499374809021     
 -0.897129790750955     
 -0.836240180634355     
 -0.762748169895312     
 -0.677761306082162     
 -0.582560367768120     
 -0.478580062818272     
 -0.367387406894131     
 -0.250658108038281     
 -0.130151313230995     
 -7.683097496029599E-003
  0.114900904917104     
  0.235753314817488     
  0.353052848654029     
  0.465031765827248     
  0.570002509092006     
  0.666383136572175     
  0.752721162118596     
  0.827715444728839     
  0.890235797148424     
  0.939340018145581     
  0.974288091778012     
  0.994553339664201     
  0.999830358191053     
  0.990039621041722     
  0.965328677682020     
  0.926069929743909     
  0.872855018816623     
  0.806485910223190     
  0.727962807152623     
  0.638469077285545     
  0.539353419073811     
  0.432109536433663     
  0.318353628161363     
  0.199800031312746     
  7.823538560843912E-002
 -4.450829178451569E-002
 -0.166581215323400     
 -0.286143707935520     
 -0.401393925526041     
 -0.510595011331173     
 -0.612101270891857     
 -0.704382973183068     
 -0.786049404138061     
 -0.855869825143537     
 -0.912792020654828     
 -0.955958155412696     
 -0.984717702288518     
 -0.998637245931251     
 -0.997507014472083     
 -0.981344040851996     
 -0.950391906130032     
 -0.905117068640673     
 -0.846201834321101     
 -0.774534074147678     
 -0.691193843643145     
 -0.597437106102618     
 -0.494676804834603     
 -0.384461569664203     
 -0.268452378598063     
 -0.148397526367238     
 -2.610627707971994E-002
  9.657840195459821E-002
  0.217807614316655     
  0.335754397924625     
  0.448641257922881     
  0.554766954084422     
  0.652532139032354     
  0.740463460904168     
  0.817235767224354     
  0.881692075365962     
  0.932861008640013     
  0.969971435245536     
  0.992464089466556     
  0.999999999981046     
  0.992465598264612     
