  0.992415539635455     
  0.994915240948174     
   1.00248994290215     
   1.01537222832183     
   1.03396987365182     
   1.05889920701752     
   1.09103890982158     
   1.13161353294994     
   1.18232270140877     
   1.24554397830321     
   1.32466000045934     
   1.42460563232236     
   1.55282659458166     
   1.72105938534623     
   1.94888710098373     
   2.27154731139398     
   2.75939648507515     
   3.57605306169648     
   5.20928349299185     
   10.0606454009985     
   511.921249959537     
   9.96546321696969     
   4.81969371320209     
   3.13056202363710     
   2.29267222114712     
   1.79313965517685     
   1.46213023013216     
   1.22713716145571     
   1.05200171484411     
  0.916675356280886     
  0.809148453996678     
  0.721789389675695     
  0.649517136524057     
  0.588818561613397     
  0.537187496327081     
  0.492788490202898     
  0.454246826735356     
  0.420512749284249     
  0.390771004777570     
  0.364378990796771     
  0.340823484088728     
  0.319689750116007     
  0.300639090048758     
  0.283392254535523     
  0.267717011243832     
  0.253418701808567     
  0.240332982407736     
  0.228320181145343     
  0.217260867516453     
  0.207052340978804     
  0.197605823856893     
  0.188844199283513     
  0.180700174748694     
  0.173114780809208     
  0.166036135818058     
  0.159418423355301     
  0.153221040905787     
  0.147407887304067     
  0.141946763315284     
  0.136808864985794     
  0.131968353478242     
  0.127401988288173     
  0.123088813240744     
  0.119009886641584     
  0.115148048528552     
  0.111487719227080     
  0.108014724423502     
  0.104716142786539     
  0.101580172831613     
  9.859601626297898E-002
  9.575377547346500E-002
  9.304436324589226E-002
  9.045942300313377E-002
  8.799125820332072E-002
  8.563276968654225E-002
  8.337739995260078E-002
  8.121908349696919E-002
  7.915220245409724E-002
  7.717154690235395E-002
  7.527227927190724E-002
  7.344990237269441E-002
  7.170023062240341E-002
  7.001936410988240E-002
  6.840366517498490E-002
  6.684973722700224E-002
  6.535440555725619E-002
  6.391469993233027E-002
  6.252783877898309E-002
  6.119121479532640E-002
  5.990238184107688E-002
  5.865904297771675E-002
  5.745903954310384E-002
  5.630034115885498E-002
  5.518103657937934E-002
  5.409932530196788E-002
  5.305350986553632E-002
  5.204198877373673E-002
  5.106324998449892E-002
  5.011586491454326E-002
  4.919848291212865E-002
  4.830982615654499E-002
  4.744868494665828E-002
  4.661391334464313E-002
  4.580442514449865E-002
  4.501919013745188E-002
  4.425723064973514E-002
  4.351761832945573E-002
  4.279947116307478E-002
  4.210195070069766E-002
  4.142425947906411E-002
  4.076563861479593E-002
  4.012536557002667E-002
  3.950275206465865E-002
  3.889714212873159E-002
  3.830791028478131E-002
  3.773445984843782E-002
  3.717622134001931E-002
  3.663265099771493E-002
  3.610322938578057E-002
  3.558746009022137E-002
  3.508486849619585E-002
  3.459500064075439E-002
  3.411742213621833E-002
  3.365171715863906E-002
  3.319748749741470E-002
  3.275435166131316E-002
  3.232194403759019E-002
  3.189991410013855E-002
  3.148792566381010E-002
  3.108565618150426E-002
  3.069279608152431E-002
  3.030904814230215E-002
  2.993412690226784E-002
  2.956775810257287E-002
  2.920967816050559E-002
  2.885963367177993E-002
  2.851738093980392E-002
  2.818268553032562E-002
  2.785532184982915E-002
  2.753507274630322E-002
  2.722172913100778E-002
  2.691508961988143E-002
  2.661496019370979E-002
  2.632115387547386E-002
  2.603349042441180E-002
  2.575179604530950E-002
  2.547590311270701E-002
  2.520564990836341E-002
  2.494088037292090E-002
  2.468144386611353E-002
  2.442719494587468E-002
  2.417799314995225E-002
  2.393370279293625E-002
  2.369419277212160E-002
  2.345933638166682E-002
  2.322901113647916E-002
  2.300309860350799E-002
  2.278148424164172E-002
  2.256405724821469E-002
  2.235071041327821E-002
  2.214133997982521E-002
  2.193584551095092E-002
  2.173412976237298E-002
  2.153609856121394E-002
  2.134166068959858E-002
  2.115072777389708E-002
  2.096321417832065E-002
  2.077903690359567E-002
  2.059811548954239E-002
  2.042037192234589E-002
  2.024573054524409E-002
  2.007411797350691E-002
  1.990546301251417E-002
  1.973969657971955E-002
  1.957675162943889E-002
  1.941656308112842E-002
  1.925906775020516E-002
  1.910420428216324E-002
  1.895191308885394E-002
  1.880213628783001E-002
  1.865481764365377E-002
  1.850990251199754E-002
  1.836733778555959E-002
  1.822707184244217E-002
  1.808905449623129E-002
  1.795323694838899E-002
  1.781957174210949E-002
  1.768801271829355E-002
  1.755851497289592E-002
  1.743103481622474E-002
  1.730552973345375E-002
  1.718195834691611E-002
  1.706028037954428E-002
  1.694045661995141E-002
  1.682244888852132E-002
  1.670622000499709E-002
  1.659173375704756E-002
  1.647895487021651E-002
  1.636784897867300E-002
  1.625838259730087E-002
  1.615052309455673E-002
  1.604423866651926E-002
  1.593949831162949E-002
  1.583627180652918E-002
  1.573452968256108E-002
  1.563424320332512E-002
  1.553538434274003E-002
  1.543792576410096E-002
  1.534184079969773E-002
  1.524710343127308E-002
  1.515368827100569E-002
  1.506157054322439E-002
  1.497072606673786E-002
  1.488113123770235E-002
  1.479276301320356E-002
  1.470559889514217E-002
  1.461961691488522E-002
  1.453479561833153E-002
  1.445111405147262E-002
  1.436855174636717E-002
  1.428708870766989E-002
  1.420670539960336E-002
  1.412738273322133E-002
  1.404910205417012E-002
  1.397184513086027E-002
  1.389559414300074E-002
  1.382033167047159E-002
  1.374604068246671E-002
  1.367270452716773E-002
  1.360030692164244E-002
  1.352883194204122E-002
  1.345826401397387E-002
  1.338858790346708E-002
  1.331978870808404E-002
  1.325185184826627E-002
  1.318476305873415E-002
  1.311850837957769E-002
  1.305307415274136E-002
  1.298844700626033E-002
  1.292461385472701E-002
  1.286156188798109E-002
  1.279927856492964E-002
  1.273775160706344E-002
  1.267696899175566E-002
  1.261691894580808E-002
  1.255758993915106E-002
  1.249897067905412E-002
  1.244105010418902E-002
  1.238381737895116E-002
  1.232726188781307E-002
  1.227137323018443E-002
  1.221614121509573E-002
  1.216155585617598E-002
  1.210760736662843E-002
  1.205428615458857E-002
  1.200158281842788E-002
  1.194948814227938E-002
  1.189799309149983E-002
  1.184708880858215E-002
  1.179676660892165E-002
  1.174701797682194E-002
  1.169783456144166E-002
  1.164920817311060E-002
  1.160113077959372E-002
  1.155359450246118E-002
  1.150659161346210E-002
  1.146011453125167E-002
  1.141415581801270E-002
  1.136870817621489E-002
  1.132376444537968E-002
  1.127931759901858E-002
  1.123536074179683E-002
  1.119188710651508E-002
  1.114889005110665E-002
  1.110636305599906E-002
  1.106429972157346E-002
  1.102269376638204E-002
  1.098153902003201E-002
  1.094082942934466E-002
  1.090055904728841E-002
  1.086072203526515E-002
  1.082131265978637E-002
  1.078232529003936E-002
  1.074375439571907E-002
  1.070559454503590E-002
  1.066784040264712E-002
  1.063048672748336E-002
  1.059352837080804E-002
  1.055696027431478E-002
  1.052077746828227E-002
  1.048497506966575E-002
  1.044954828029636E-002
  1.041449238514490E-002
  1.037980275071507E-002
  1.034547482319861E-002
  1.031150412697112E-002
  1.027788626294458E-002
  1.024461690710101E-002
  1.021169180887572E-002
  1.017910678974689E-002
  1.014685774174082E-002
  1.011494062612175E-002
  1.008335147190808E-002
  1.005208637459582E-002
  1.002114149479122E-002
  9.990513057039992E-003
  9.960197348441672E-003
  9.930190717528245E-003
  9.900489572972028E-003
  9.871090382623989E-003
  9.841989672061319E-003
  9.813184023768870E-003
  9.784670075847620E-003
  9.756444521120419E-003
  9.728504105927537E-003
  9.700845629242871E-003
  9.673465941578372E-003
  9.646361944148588E-003
  9.619530587739962E-003
  9.592968871965851E-003
  9.566673844201221E-003
  9.540642598857077E-003
  9.514872276348042E-003
  9.489360062386877E-003
  9.464103187033023E-003
  9.439098924020652E-003
  9.414344589803307E-003
  9.389837542937813E-003
  9.365575183173075E-003
  9.341554950864498E-003
  9.317774326094099E-003
  9.294230828095194E-003
  9.270922014417763E-003
  9.247845480436260E-003
  9.224998858444793E-003
  9.202379817226601E-003
  9.179986061254707E-003
  9.157815330202225E-003
  9.135865398190668E-003
  9.114134073319603E-003
  9.092619196978598E-003
  9.071318643356139E-003
  9.050230318815192E-003
  9.029352161394825E-003
  9.008682140196501E-003
  8.988218254979748E-003
  8.967958535493687E-003
  8.947901041111483E-003
  8.928043860214447E-003
  8.908385109835305E-003
  8.888922935040729E-003
  8.869655508585894E-003
  8.850581030379986E-003
  8.831697727096082E-003
  8.813003851686209E-003
  8.794497682972640E-003
  8.776177525233153E-003
  8.758041707799183E-003
  8.740088584607026E-003
  8.722316533830521E-003
  8.704723957543998E-003
  8.687309281206783E-003
  8.670070953497831E-003
  8.653007445620874E-003
  8.636117251994918E-003
  8.619398886893073E-003
  8.602850888872660E-003
  8.586471816556529E-003
  8.570260249556687E-003
  8.554214788461268E-003
  8.538334054030894E-003
  8.522616687239269E-003
  8.507061348693992E-003
  8.491666718597225E-003
  8.476431496165227E-003
  8.461354399605657E-003
  8.446434165647210E-003
  8.431669549395893E-003
  8.417059323944324E-003
  8.402602280210808E-003
  8.388297226596486E-003
  8.374142988807544E-003
  8.360138409504133E-003
  8.346282348164424E-003
  8.332573680748533E-003
  8.319011299534308E-003
  8.305594112825641E-003
  8.292321044773638E-003
  8.279191035112359E-003
  8.266203038977654E-003
  8.253356026646419E-003
  8.240648983365604E-003
  8.228080909135982E-003
  8.215650818484748E-003
  8.203357740299380E-003
  8.191200717602239E-003
  8.179178807391727E-003
  8.167291080407205E-003
  8.155536620996391E-003
  8.143914526892081E-003
  8.132423909062174E-003
  8.121063891522833E-003
  8.109833611145882E-003
  8.098732217566070E-003
  8.087758872431617E-003
  8.076912751597746E-003
  8.066193040575022E-003
  8.055598938500091E-003
  8.045129656195969E-003
  8.034784416090240E-003
  8.024562452348076E-003
  8.014463010494861E-003
  8.004485347500031E-003
  7.994628731424978E-003
  7.984892441464775E-003
  7.975275767655722E-003
  7.965778010916550E-003
  7.956398482720804E-003
  7.947136505182721E-003
  7.937991410723960E-003
  7.928962542155837E-003
  7.920049252349024E-003
  7.911250904328882E-003
  7.902566870961572E-003
  7.893996535033214E-003
  7.885539288932729E-003
  7.877194534763821E-003
  7.868961684023807E-003
  7.860840157707775E-003
  7.852829385972145E-003
  7.844928808301782E-003
  7.837137873151774E-003
  7.829456038072976E-003
  7.821882769415867E-003
  7.814417542432511E-003
  7.807059841003907E-003
  7.799809157727547E-003
  7.792664993625533E-003
  7.785626858296319E-003
  7.778694269595950E-003
  7.771866753764720E-003
  7.765143845151519E-003
  7.758525086318636E-003
  7.752010027798409E-003
  7.745598228171564E-003
  7.739289253845497E-003
  7.733082679109020E-003
  7.726978085947986E-003
  7.720975064099903E-003
  7.715073210847243E-003
  7.709272131079688E-003
  7.703571437111983E-003
  7.697970748734189E-003
  7.692469693047253E-003
  7.687067904470818E-003
  7.681765024634800E-003
  7.676560702378895E-003
  7.671454593615346E-003
  7.666446361361409E-003
  7.661535675598855E-003
  7.656722213310748E-003
  7.652005658316268E-003
  7.647385701348053E-003
  7.642862039886890E-003
  7.638434378205849E-003
  7.634102427239957E-003
  7.629865904612610E-003
  7.625724534530323E-003
  7.621678047797489E-003
  7.617726181707147E-003
  7.613868680066582E-003
  7.610105293098066E-003
  7.606435777445071E-003
  7.602859896093738E-003
  7.599377418374223E-003
  7.595988119893564E-003
  7.592691782524598E-003
  7.589488194325276E-003
  7.586377149586114E-003
  7.583358448722179E-003
  7.580431898276364E-003
  7.577597310879261E-003
  7.574854505226861E-003
  7.572203306056699E-003
  7.569643544095244E-003
  7.567175056071886E-003
  7.564797684642231E-003
  7.562511278421159E-003
  7.560315691904037E-003
  7.558210785501511E-003
  7.556196425447043E-003
  7.554272483854848E-003
  7.552438838609587E-003
  7.550695373505660E-003
  7.549041977972944E-003
  7.547478547325672E-003
  7.546004982567995E-003
  7.544621190490634E-003
  7.543327083548546E-003
  7.542122579960478E-003
  7.541007603605205E-003
  7.539982084056508E-003
  7.539045956557705E-003
  7.538199162043443E-003
  7.537441647054527E-003
  7.536773363829330E-003
  7.536194270192198E-003
  7.535704329657145E-003
  7.535303511312817E-003
  7.534991789912951E-003
  7.534769145791751E-003
  7.534635564940212E-003
  7.534591038920901E-003
