  0.492465235971214     
  0.495453375450592     
  0.785379387811066     
   1.04860946183818     
   1.28029484732648     
   1.07875580236453     
  0.487891848099271     
  0.970099279989753     
  0.744510437030964     
  0.668453341019754     
  6.285631647826356E-002
  0.467768462353946     
 -0.436181765623984     
  0.239892402014914     
 -6.746754528774757E-002
 -0.149903302141364     
 -0.694495636111895     
  -1.04771444530663     
 -0.283000016878651     
  -1.17687158217875     
  -1.30588517257325     
  -1.32008965628625     
 -0.891569017604974     
 -0.554891109460811     
  -1.42186580591296     
 -0.586847959274446     
  -1.39289659792270     
 -0.818193532200683     
 -0.560502449979796     
  -1.23479530269709     
 -0.291478706781019     
 -0.426136994146429     
  -1.09244111737479     
 -0.840736652949338     
  9.334375346347501E-002
 -3.245712146923085E-002
 -0.448613522325736     
  0.114778131977098     
  0.117247641952959     
  0.179857368459010     
  0.657574230904353     
 -4.247581068904600E-002
   1.02873118093696     
  0.724235034030248     
  0.995026498483406     
  0.751299119977902     
   1.08235708731344     
   1.22059370729461     
  0.904028426921712     
  0.698792049793149     
   1.23094240555682     
   1.16028501215812     
   1.19636367206105     
  0.650813104918090     
  0.698490138594293     
  0.590707813595375     
   1.00502113508027     
  0.716182280831354     
  0.706731510937535     
  0.596047575437993     
  0.347842723474499     
  0.206454353694222     
 -0.262578018913771     
  2.721976004789683E-002
 -0.435988121254062     
  0.217253198708922     
 -0.278151476543198     
 -0.960951336357184     
 -0.768212622276182     
 -0.624453743580929     
 -0.586460772164920     
  -1.31935352548533     
  -1.13147114227179     
 -0.983617306319036     
 -0.640183730853040     
  -1.26708387162591     
 -0.875914014276616     
  -1.44230368271079     
 -0.937982889732566     
 -0.610480754546361     
  -1.03347189299160     
 -0.405381314699400     
 -0.514530912141796     
 -0.380539620837165     
 -0.767283659408585     
 -0.246907015046767     
 -0.148781271700701     
  0.250718453002120     
  0.408344071668958     
  6.079966172331280E-002
  0.111507295853477     
  0.117942931597402     
  0.519098788271577     
  0.192449800028866     
   1.05063086267583     
  0.750767834309863     
  0.833242324092621     
  0.928583477074014     
  0.788674245352549     
  0.948444853473361     
  0.679904881170195     
   1.10210751820278     
   1.13536851268242     
  0.956056199839762     
   1.19209879132960     
   1.05929306428028     
   1.31278957866910     
   1.15399020786351     
  0.963908044293125     
   1.06282422312762     
  0.625314517292363     
  0.177711135878505     
 -8.681431205488865E-003
 -8.332808289802590E-002
  0.450128249454725     
 -0.391733601059556     
 -5.642960035335431E-002
 -0.302088043945830     
 -0.705781158855802     
 -0.895311459166231     
 -0.320247046751399     
 -0.383878802287019     
 -0.869998579240658     
 -0.780966154629517     
 -0.808251689553702     
  -1.28351820764426     
  -1.40367582866670     
 -0.793154560134596     
  -1.23379440397157     
  -1.17142902115812     
  -1.04831552543185     
  -1.21953655855593     
 -0.439894996098055     
 -0.267635973190680     
 -0.951768725584825     
 -0.369786771241116     
 -0.733378795714761     
  0.138939429951154     
 -0.101168744666956     
  0.155350733649602     
  0.464782167064524     
  1.665893475233993E-002
  0.761115640964719     
  0.672042006307135     
  0.577224169678881     
  0.291706453745571     
  0.834872237948854     
   1.09344972423212     
  0.509016124410584     
   1.01044741395116     
   1.11375064623572     
  0.861106644942086     
   1.31597912628997     
   1.04254796263289     
   1.46415022643663     
   1.38035717072766     
   1.21854878371985     
  0.401885103805594     
  0.477709727663423     
  0.824715434226435     
  0.204886883344995     
  0.161072428038154     
  0.405857567900269     
 -1.942708787920469E-002
 -8.120380308408048E-002
 -0.401368669898545     
 -0.573176130094377     
  9.053233127135862E-002
 -0.291458653259575     
 -4.844774123972773E-003
 -0.332877503419719     
 -0.609750787826488     
 -0.463287389065316     
  -1.27236342635860     
  -1.12877441662695     
 -0.816858796189265     
  -1.11170954343457     
  -1.27023175348304     
 -0.588965374148214     
  -1.28925552731701     
 -0.515477268189882     
 -0.568120726489850     
 -0.689733365626329     
  -1.08045113305408     
 -0.863824951825139     
 -0.248828759249849     
 -0.667876571792494     
 -0.408272630226126     
 -0.112621153985899     
  0.182063749327209     
 -0.269155077514454     
 -0.323158775365636     
  0.475648843670780     
  0.383608754756170     
  0.676114349912794     
  4.282783478421420E-002
  0.834054391224393     
  0.790766328153032     
   1.21878144535198     
  0.552631944992262     
   1.29382592471284     
  0.927978090752787     
  0.819877562455489     
   1.37802679770201     
   1.14390748843927     
  0.989028792864670     
   1.07280622398886     
  0.973819331465543     
  0.672644279160966     
   1.15850829499845     
  0.416172346850918     
  0.246477200261505     
  0.272652757582658     
  0.591260848793660     
  2.976961640107814E-002
  0.518506682483486     
  0.222868693532376     
 -0.416700836631401     
 -0.348642435442674     
 -0.201252506098205     
 -0.512479366006912     
 -0.241538822787065     
 -0.734690344232160     
 -0.681235586661436     
 -0.962208309955896     
 -0.603461703336188     
  -1.22206446895787     
 -0.703135191570301     
 -0.954145065240554     
  -1.04553966582217     
  -1.29589965194956     
 -0.722408425671094     
  -1.14748406172654     
  -1.18922792080509     
 -0.695372305671893     
 -0.924969352963356     
 -0.403960778501601     
 -0.645661544883442     
 -0.894959526895938     
 -0.172290896394882     
  0.231997811639472     
  0.194111900347522     
 -0.336174124707576     
 -0.172573975197844     
  0.190075445740104     
  0.756607924701895     
  0.768414599329471     
   1.01373749116134     
  0.216906348514027     
  0.492035522785418     
  0.797671283930310     
  0.696740236397755     
  0.854613271620077     
   1.04640888641900     
   1.37575371896897     
   1.38665466581847     
   1.18936266317334     
  0.759171247944498     
  0.936780715974849     
  0.936606270670968     
  0.763120409191714     
  0.854247148398153     
  0.718091466350545     
  0.672883343846583     
  0.271048980667349     
  0.363518159241577     
  0.455171800390517     
  0.230471503658803     
 -0.552992909414341     
 -0.251491088211021     
  0.168960423971172     
 -0.845227892110878     
 -0.285667629248973     
 -0.784007484381280     
  -1.14641109984586     
 -0.464546457972202     
 -0.947923137685830     
  -1.36301335302734     
 -0.556320617220254     
  -1.18364442500666     
  -1.38033781300575     
  -1.09587017071966     
 -0.530601361450758     
  -1.03831912259092     
 -0.801691456596677     
 -0.600692689524089     
 -0.288800377396618     
 -0.952882203242040     
 -0.723493858383500     
 -0.676191862787265     
  9.152461990543082E-002
 -0.282816569556578     
 -0.225247584302301     
 -0.303385990265756     
  0.504010744969494     
 -0.208991865121083     
  0.691749639572114     
  0.282914290607957     
  0.414098545305436     
  0.431703536543496     
   1.22274055373360     
   1.26812656129021     
   1.26114749189625     
  0.911324980822178     
  0.870006024739584     
   1.23335023913059     
   1.03005772081424     
   1.05689685176130     
  0.579043006570947     
  0.528458304277224     
  0.832415121278782     
  0.976124611497458     
  0.860432858374704     
  0.221119356806220     
  0.908457315688165     
  0.671881537637818     
  0.617415874345215     
 -4.227254850177498E-002
  0.479626903934362     
 -0.453928443478515     
  0.111145508676526     
 -0.737084388362072     
 -0.436537793736413     
 -0.635489722018688     
 -0.218210742181013     
 -0.899191236581050     
  -1.05527135045453     
  -1.30922319162459     
 -0.541819753299209     
 -0.682294800231997     
 -0.886831967320745     
 -0.574503079291283     
  -1.43347910474806     
 -0.739777748328916     
  -1.30264675199300     
 -0.861392417508655     
  -1.19940173869262     
  -1.24435595884015     
 -0.861683776104961     
 -0.989364207610530     
 -0.717267041914578     
 -0.446876850670016     
 -0.658507229373368     
 -0.246835184044175     
 -0.385001790592296     
 -0.345465378307738     
 -7.937588097468040E-002
  0.695486601868143     
  1.027848504827999E-002
  0.536683147772792     
   1.12022186729884     
  0.637702307736673     
  0.517550811790554     
   1.29751325142392     
   1.32224026650170     
   1.02992216700007     
  0.903893566969743     
   1.24123007698819     
  0.596572040789551     
   1.44247358687746     
  0.598409418628732     
  0.791572057981096     
  0.810010866545914     
  0.616886508408861     
  0.981448647202407     
  0.312539493780553     
  0.902255157368400     
  0.353415414817279     
  0.457910052106895     
  0.241744578660692     
 -0.487977204343660     
 -0.501643065420938     
  0.178286384460719     
 -0.676150162817828     
 -0.132271445077402     
 -0.866475169667397     
 -0.594120010563277     
 -0.423682354571035     
 -0.786784855532656     
 -0.707564241663378     
  -1.19210459449339     
 -0.835933237255218     
 -0.610879161466666     
 -0.566861852757022     
  -1.38578427121292     
 -0.635055865863714     
 -0.559462789843174     
 -0.864582224256691     
 -0.597307144249764     
 -0.650724821515149     
 -0.318714325260206     
 -0.344036097729833     
 -0.426138082952367     
  1.621561561316354E-002
  0.140161893756750     
 -0.317593348487410     
 -0.326540645357462     
  0.401991887733561     
  0.368703194863744     
  0.275590987099891     
  0.389061050706797     
  0.348270927075012     
  0.483484051692094     
   1.16853815413603     
  0.590596395628211     
  0.610243298414577     
  0.691583136926646     
  0.849903298569861     
   1.23375605445985     
  0.819693569878631     
   1.17404142298115     
  0.844558394748575     
  0.834017819290089     
  0.674255443876146     
   1.08460152545754     
  0.933259997126866     
  0.739780932768857     
  0.849101040250805     
  0.703380089345761     
  0.729370996864533     
  0.276091202027953     
  0.348815408961755     
  0.279338533033897     
  0.101654950567202     
 -0.655036167696563     
 -0.331135993044866     
 -0.940553797803707     
 -0.980529193953941     
 -0.292054633371059     
 -0.972217066299251     
  -1.23309018382208     
  -1.42558704053107     
 -0.978748828268857     
 -0.524014203807330     
 -0.863424620502290     
 -0.604906307962421     
 -0.616181830270793     
 -0.796253926667640     
  -1.30873215745304     
 -0.973075144453181     
 -0.919856420728695     
  -1.00755790167350     
 -0.125219814473313     
 -0.670716134798487     
 -0.644515668770141     
 -0.413333386783644     
  0.417575445968384     
  0.130138867984751     
  0.228364519966602     
  0.386249066766429     
  0.675389403112339     
  0.868569619367322     
  0.752858159745181     
  0.786124476480273     
  0.433070132491619     
   1.25011050495114     
  0.506674935381435     
   1.42154665632822     
  0.866219539830811     
   1.46395895189624     
  0.688371415774618     
   1.11117850440828     
  0.899393325694283     
  0.858884046267169     
   1.25383288987609     
  0.865307960970364     
  0.229787647661495     
  0.180165752749993     
  0.482016463135436     
  0.481170937719954     
 -0.164138181384919     
  0.112620997568598     
  0.348170827715734     
 -0.486535304577324     
 -0.678654641473937     
 -0.144701198228108     
 -5.220256746223384E-002
 -0.746932332656264     
  -1.10064777863163     
  -1.14758639847095     
 -0.360152696857196     
  -1.30595799688645     
  -1.06346174644504     
 -0.661195145903823     
 -0.591009961605820     
  -1.04654190492612     
 -0.664037308528931     
  -1.14688838272267     
  -1.15116399690872     
  -1.02957830967954     
  -1.12866684170334     
 -0.928183963546351     
 -0.986314308422379     
 -0.192584367991214     
 -7.359748859125226E-002
 -0.254883498581420     
 -0.336669447885086     
 -0.447587586774396     
  0.515231666247129     
  0.174294154141402     
  0.310595286129336     
  3.243998023021871E-002
  0.472347641207570     
  0.403731977206689     
   1.08410152891316     
   1.00405852793950     
   1.11947890712323     
  0.666246349188452     
  0.786670479368553     
   1.18151965291938     
  0.667229078667264     
  0.830881927338686     
   1.14219633235693     
  0.992551395734869     
  0.835279101399097     
   1.18108019728304     
   1.20111414542889     
   1.16493349541285     
  0.645034097742917     
  0.737720958540037     
  0.855505772067342     
  0.322920669975321     
 -0.133445577436445     
  0.220393772543923     
 -1.705527253977168E-002
  2.501470173281628E-002
 -0.704114694591612     
 -0.593787078250413     
 -0.259801437697786     
 -0.650785867896658     
 -0.406618788677235     
  -1.22134195806734     
 -0.520122440830406     
  -1.11736517461803     
  -1.07885147466974     
  -1.09468997803028     
  -1.11474709900198     
  -1.03684727258399     
 -0.693052519153711     
 -0.683403121545679     
 -0.436211507761549     
 -0.961307504304690     
  -1.23052357933664     
 -0.254770351990683     
 -0.407832608193115     
 -0.284089080049779     
 -0.768794697649590     
 -0.564909193093963     
 -1.324634819946102E-002
 -9.683957485347022E-002
  0.210781311680430     
  0.279640085328507     
  0.448011083494970     
  0.964219508270912     
  0.857029865206029     
   1.03544538865542     
  0.497491207046419     
   1.30289385620202     
  0.709533508264195     
  0.711184039098814     
   1.02233230515752     
  0.726936392407072     
   1.21681116884713     
   1.45147291694857     
   1.06696731789692     
  0.989584227201887     
   1.00352653823068     
   1.07878229669485     
  0.428667225394888     
  0.682146144449649     
  0.136037587706277     
  0.847378460356695     
  0.603395598893170     
 -4.616762080850678E-002
  9.328707377995271E-002
  0.158724257367944     
 -0.118506257540438     
 -0.312600585731269     
 -3.236603682701833E-002
 -0.249428832668686     
  -1.02494231995331     
 -0.663603973961444     
 -0.580782637120101     
  -1.26629476438362     
  -1.36343140502292     
 -0.838603678956345     
 -0.973815271258282     
 -0.874316482033482     
 -0.756425490395018     
  -1.26111728850017     
  -1.16427891950032     
  -1.00722923819668     
  -1.32765451006496     
 -0.407764988305402     
 -0.332137822601342     
 -0.973964843581892     
 -0.152512054012623     
 -0.450854505594605     
 -0.147435922591599     
  2.382480054753255E-002
 -0.428512305910102     
 -4.836035402438033E-002
  0.697384413654255     
  0.417428407115453     
  0.615358636917586     
  0.503145086611631     
   1.13491911784530     
  0.374865838847883     
   1.10950163022581     
   1.23394783121247     
   1.07597942310695     
  0.987952664685538     
   1.21331346496576     
  0.648843389769703     
  0.503732989796562     
  0.840808176079521     
  0.784090814113698     
   1.13434475668288     
  0.457464196925807     
  0.720829663942455     
   1.10673907456769     
  0.810750731134481     
  0.309475615982520     
  0.695453853445215     
  0.607993122755283     
  0.558160949609311     
 -0.103506617990899     
  7.643236021615507E-002
 -0.596292473033927     
 -0.185702822849198     
 -0.893231007845266     
 -0.633868879225729     
 -0.860559744638100     
 -0.712132708493142     
 -0.665877613499971     
 -0.807482563018816     
 -0.929097827823677     
 -0.824674157328047     
 -0.980271094833884     
 -0.899139656562732     
  -1.23759110397353     
 -0.884792889990796     
 -0.417583928485324     
 -0.666103021949119     
 -0.475400722478365     
 -0.213357876163389     
 -0.609922871250803     
 -0.436221113409338     
 -2.955686014872172E-002
 -0.406400041850855     
 -0.131448635759147     
  1.813756719324289E-002
 -8.475238454908190E-002
  0.559006477873059     
  0.232689580552103     
  0.311922591565996     
  0.397005950164823     
  0.856352693806314     
   1.07800282757696     
   1.05359474435878     
   1.12214295437596     
   1.38404060622620     
  0.518191828411086     
  0.847179302621966     
   1.20614171724288     
   1.33740882485183     
   1.07447301108952     
  0.665077378843623     
  0.500040514149762     
  0.516020359981208     
  0.519172187559440     
   1.03731708917294     
  0.839439186319763     
  0.330428814701560     
  0.771726592272936     
  0.164113109473799     
  0.583904780297120     
  5.499603112543472E-002
  1.674475148712029E-002
 -0.635115556307216     
  5.796972083360652E-002
 -0.632517731359259     
 -0.237187460875503     
 -0.345122762165259     
 -0.917516617527221     
  -1.28893358456985     
  -1.33654729911264     
 -0.531854664430648     
  -1.25459840571605     
  -1.46957746388726     
  -1.44403279173596     
  -1.45226522950212     
  -1.37849314738356     
 -0.958229521197298     
 -0.839584129933868     
 -0.708460436037882     
  -1.11087506870294     
 -0.485176839072882     
 -0.462677090138972     
 -0.153752051278053     
 -0.735665635194773     
 -7.803415457931784E-002
 -0.327035357697216     
  0.408870014677809     
  9.141504903045683E-002
  0.393212254768038     
  0.324531850195755     
  0.775117097045875     
  0.429581912512303     
  0.247278832177574     
   1.01598133851721     
  0.514871767848323     
  0.492801278366206     
  0.489433888100280     
   1.48500177172448     
   1.13850076577445     
   1.26028576065518     
  0.519689860253281     
  0.527242424752967     
   1.29165617505441     
  0.653226388649322     
   1.12366978766917     
  0.652101521560315     
  0.763274784193371     
  0.795409031714839     
 -6.624890035221588E-002
  0.136154445535562     
  0.241937780861655     
 -0.153065836450908     
 -4.914121728878484E-002
 -0.442033038447064     
 -0.236766738424557     
 -0.277455386751733     
 -0.445384740660343     
  -1.14160822862990     
  -1.14012509487974     
 -0.743435568638631     
 -0.944736189618192     
 -0.577526962463740     
  -1.22503857735985     
 -0.710077940067952     
 -0.503502692236681     
  -1.31854505217381     
 -0.814882434200522     
 -0.648129669585880     
  -1.04638956985059     
 -0.690259471664703     
 -0.914587839040799     
 -0.915436455993874     
 -6.286632370215983E-002
 -0.324541622599831     
 -0.741188746499658     
 -0.238487717425157     
  0.272814547797830     
  5.021128438205358E-002
  0.600638559586769     
  0.773363169704323     
  0.634133308503240     
  0.282380968398476     
  0.237098242055837     
  0.523970956813533     
  0.912290804549319     
  0.755006246330600     
   1.18649461873215     
  0.565661274155292     
  0.499479446950506     
   1.48732690551944     
   1.17811889607697     
  0.482873404488445     
   1.40421823216177     
  0.717916114608445     
  0.643646202946935     
  0.752361644979220     
  0.358123579445690     
   1.04669202610671     
  0.150334134280413     
  8.303229977029883E-002
  0.289989400146524     
  0.149347608019670     
  4.569442076397690E-002
 -0.103556787110010     
 -0.137515286962866     
 -0.650826502808237     
 -1.512283815833459E-002
 -0.783702032718776     
  -1.08113065254431     
  -1.02016407377828     
 -0.631431801518036     
 -0.604157116567887     
  -1.24287861414316     
  -1.18992297711352     
 -0.505064969483486     
 -0.839677867652210     
 -0.990685116618036     
 -0.951869756440475     
 -0.735633681728810     
 -0.767576702157925     
  -1.23415690934414     
 -0.820556206745891     
  -1.10155871267276     
 -0.164286383605446     
 -0.635882511319645     
 -0.247953553071486     
  0.112697249682069     
  0.370613660098916     
 -0.279319122185297     
  0.496562173567738     
  0.328139222954537     
 -7.504126506903264E-002
  0.357716035646079     
  0.455689994331928     
   1.01491686381038     
  0.555337842597587     
   1.03766176481407     
   1.34962611059385     
   1.40260828788380     
   1.39427848993532     
   1.31765414569395     
  0.621861761843346     
  0.887385835115393     
  0.624931432844115     
   1.34019661079791     
  0.715761841207445     
   1.09265512428414     
  0.940371145884696     
  0.998090690758299     
  0.351607783193281     
  0.292924044734799     
  0.522231270624947     
  0.416648346606135     
 -0.344233902328152     
 -0.129520975005809     
 -4.951162808177367E-002
 -0.382771055232051     
  1.604939526183902E-002
 -0.991889636669724     
 -0.818552892052468     
 -0.995648633608096     
 -0.564142561668315     
  -1.10374585719193     
 -0.458407910023442     
 -0.907189963533808     
 -0.527467902039322     
 -0.831606011103349     
 -0.940774126022325     
  -1.13974472660662     
 -0.959391178737531     
  -1.22373724128037     
 -0.624105240276829     
  -1.07267485530544     
 -0.699199121973252     
 -6.200333794461510E-002
 -0.470154644141250     
 -0.442814440738573     
  0.269849493246246     
  0.228451485525330     
  0.483296819323758     
 -0.225207933141449     
  0.170236281616682     
  0.688187934715205     
  0.503223544820460     
  0.881474655905109     
  0.329736204934165     
  0.348296436415375     
  0.720260968793013     
  0.766093472554762     
   1.40005538473858     
  0.593867054325686     
  0.686418457940361     
   1.44252965787271     
  0.521706488864575     
  0.644733836034465     
  0.678382814598010     
   1.29091391806085     
  0.835547240351496     
  0.603777494317998     
   1.07234075992738     
  0.675401777933356     
  0.392642964912684     
  0.472867202087078     
 -1.431358277099182E-002
  4.723210379781639E-002
  7.060384146181375E-002
 -0.248261933374667     
 -0.652452489580464     
 -0.120168952899962     
  -1.01219491996158     
 -0.595545385216991     
  -1.09983138425209     
  -1.03235595235550     
  -1.21530738971270     
 -0.574573486953511     
 -0.567110248419511     
  -1.48401964847618     
  -1.19707736164283     
  -1.21678077132756     
  -1.16183558239828     
 -0.558843909065345     
  -1.38168504475916     
 -0.683875412556867     
 -0.278636801816472     
 -0.259832263131707     
 -0.177692462239598     
 -0.632717869908983     
  1.913234689484344E-002
 -0.684660929717489     
 -0.542935476307769     
 -0.432999148435333     
  0.209264524027199     
 -0.186488541834658     
  0.628093206063676     
  0.322445110949207     
  0.874507883104117     
  0.472044721828448     
  0.528744967031389     
   1.22200210499823     
  0.657004788612532     
   1.27874510189938     
  0.487643319583440     
   1.29511413699357     
   1.34089070562011     
  0.996721866925554     
   1.33291394661098     
   1.21541577988189     
  0.988323777647581     
   1.09874134974833     
  0.748536582723662     
  0.505354476751809     
  3.745493234668860E-002
  0.430289256335109     
  2.219150921720719E-002
 -0.239477776317489     
  0.181143523496240     
 -0.363993044665403     
  0.143575889614562     
 -0.521520147909337     
 -0.592768620585538     
 -0.676566265163462     
 -0.907662860296521     
 -0.711369572248205     
  -1.18415639056442     
 -0.762073576129465     
 -0.531604779105208     
  -1.40411489334781     
 -0.812773651538023     
 -0.660402052945530     
 -0.546416689463095     
  -1.25138128426160     
 -0.651897703566336     
 -0.662717112035613     
 -0.737527813214015     
  -1.21298238642608     
  -1.17487738971293     
 -0.518463727928089     
 -0.610796349076292     
 -0.702922370194803     
 -0.353725593775307     
  0.137515636311099     
  0.386055967644371     
  0.278309326544216     
  0.166783661660705     
 -8.661337127316879E-002
  0.602637852593835     
  0.695964827109524     
  0.305476667319725     
  0.483903165815263     
  0.490493235452260     
  0.418713159235688     
  0.830759435496436     
   1.16303781935858     
   1.02241795317323     
   1.18145600190733     
  0.837722365098189     
  0.987902597843847     
   1.24198732636055     
  0.403749337703663     
   1.05009690893517     
  0.295212615480957     
  0.384657222381955     
  0.435194079578088     
  0.781017576248074     
  9.748074704095333E-003
  0.666207431004678     
  0.505845313489408     
  0.113052644806456     
 -6.546122994077042E-002
 -1.639191868748413E-002
 -0.237407091089908     
 -0.755977222203071     
 -0.534687246233268     
 -0.230469097875797     
 -0.986908924523597     
 -0.410130482131860     
 -0.982407562806478     
 -0.559262655070934     
 -0.779861335013032     
  -1.38625798065629     
 -0.755588518120827     
 -0.810997410124375     
  -1.15512194042460     
 -0.746079409221812     
  -1.07448949246510     
 -0.603080318298838     
 -0.626974272943689     
 -0.376807483290462     
 -0.361054569747909     
 -0.785019967558679     
 -0.372277128804079     
 -0.316078864517718     
 -0.525738016286657     
  0.338781379179433     
 -0.260041868296591     
 -9.677510986933108E-002
  0.439157035621524     
  0.824361643643402     
  0.407098418103799     
  0.741727621686012     
  0.731186319543435     
   1.11817059806560     
  0.625717190235848     
   1.44217447650346     
  0.525801243814777     
   1.27849725919383     
  0.578502058418882     
