  0.365715326236442     
  0.373526383916730     
  0.396363371415460     
  0.432777991741902     
  0.481174949607705     
  0.540378046171263     
  0.609895688747984     
  0.690001655692357     
  0.781781864200880     
  0.887248058898214     
   1.00959353139443     
   1.15368942943902     
   1.32700931388310     
   1.54138722439614     
   1.81656019388707     
   2.18796875375935     
   2.72621812312008     
   3.59522087111810     
   5.28308421644951     
   10.1917546489949     
   512.112779376541     
   9.70992771354060     
   4.49608387751213     
   2.73440469766706     
   1.81940337927303     
   1.23911181835555     
  0.827913883218856     
  0.529770323383761     
  0.370636023324533     
  0.431587910617080     
  0.645102327676682     
  0.927226995272594     
   1.26574577299556     
   1.67785288564444     
   2.20124696364316     
   2.90573867694235     
   3.93036872954258     
   5.59646841186252     
   8.85447306685020     
   18.3113153926684     
   509.837812676792     
   21.6288966437245     
   11.0059271702135     
   7.54313359751389     
   5.81856660304492     
   4.78188408387086     
   4.08747035596641     
   3.58824667996091     
   3.21098603464714     
   2.91511238494401     
   2.67631623385324     
   2.47913817151699     
   2.31327214969271     
   2.17157962554320     
   2.04895682782284     
   1.94165604234644     
   1.84686184193687     
   1.76241707548619     
   1.68664027514197     
   1.61820075114994     
   1.55603115894855     
   1.49926503591489     
   1.44719135763504     
   1.39922093200235     
   1.35486117831278     
   1.31369694424956     
   1.27537573621013     
   1.23959621991758     
   1.20609917486264     
   1.17466031130882     
   1.14508451619142     
   1.11720120607749     
   1.09086054572975     
   1.06593034928032     
   1.04229352400730     
   1.01984594865207     
  0.998494702173880     
  0.978156576980799     
  0.958756824520973     
  0.940228091777835     
  0.922509515473501     
  0.905545947239816     
  0.889287288086349     
  0.873687914511731     
  0.858706181795810     
  0.844303992571796     
  0.830446420832257     
  0.817101383192977     
  0.804239350589862     
  0.791833094688681     
  0.779857464215911     
  0.768289187122091     
  0.757106695168192     
  0.746289967993269     
  0.735820394173781     
  0.725680647140420     
  0.715854574118331     
  0.706327096515044     
  0.697084120392001     
  0.688112455842621     
  0.679399744251200     
  0.670934392544421     
  0.662705513655790     
  0.654702872526388     
  0.646916837043728     
  0.639338333398514     
  0.631958805396132     
  0.624770177319641     
  0.617764819982604     
  0.610935519654849     
  0.604275449584072     
  0.597778143850646     
  0.591437473346242     
  0.585247623668596     
  0.579203074756831     
  0.573298582109162     
  0.567529159438583     
  0.561890062640490     
  0.556376774954815     
  0.550984993221584     
  0.545710615133798     
  0.540549727405987     
  0.535498594779375     
  0.530553649797396     
  0.525711483286294     
  0.520968835486646     
  0.516322587781585     
  0.511769754977342     
  0.507307478090809     
  0.502933017607881     
  0.498643747173970     
  0.494437147687324     
  0.490310801762318     
  0.486262388538642     
  0.482289678808031     
  0.478390530439199     
  0.474562884076438     
  0.470804759096076     
  0.467114249799188     
  0.463489521828316     
  0.459928808788987     
  0.456430409066070     
  0.452992682818070     
  0.449614049141762     
  0.446292983391739     
  0.443028014649319     
  0.439817723326447     
  0.436660738901272     
  0.433555737771511     
  0.430501441222651     
  0.427496613504921     
  0.424540060003215     
  0.421630625507638     
  0.418767192568695     
  0.415948679935792     
  0.413174041074376     
  0.410442262755558     
  0.407752363716065     
  0.405103393382010     
  0.402494430655678     
  0.399924582758763     
  0.397392984132093     
  0.394898795385209     
  0.392441202296897     
  0.390019414859710     
  0.387632666370842     
  0.385280212561271     
  0.382961330767905     
  0.380675319138294     
  0.378421495873330     
  0.376199198507892     
  0.374007783209471     
  0.371846624122426     
  0.369715112730618     
  0.367612657251551     
  0.365538682054147     
  0.363492627102387     
  0.361473947421162     
  0.359482112584767     
  0.357516606226193     
  0.355576925566602     
  0.353662580963700     
  0.351773095478301     
  0.349908004458223     
  0.348066855138686     
  0.346249206258474     
  0.344454627690821     
  0.342682700089016     
  0.340933014545394     
  0.339205172263532     
  0.337498784242642     
  0.335813470974235     
  0.334148862149894     
  0.332504596380105     
  0.330880320923208     
  0.329275691424682     
  0.327690371665701     
  0.326124033320936     
  0.324576355724822     
  0.323047025646617     
  0.321535737073157     
  0.320042190999429     
  0.318566095226244     
  0.317107164165385     
  0.315665118651286     
  0.314239685759194     
  0.312830598629392     
  0.311437596297873     
  0.310060423532439     
  0.308698830674318     
  0.307352573484821     
  0.306021412997804     
  0.304705115376567     
  0.303403451775298     
  0.302116198204884     
  0.300843135403866     
  0.299584048715073     
  0.298338727956006     
  0.297106967316574     
  0.295888565230141     
  0.294683324271353     
  0.293491051048240     
  0.292311556098370     
  0.291144653788644     
  0.289990162218446     
  0.288847903125775     
  0.287717701795800     
  0.286599386972392     
  0.285492790772501     
  0.284397748603085     
  0.283314099080156     
  0.282241683950590     
  0.281180348016204     
  0.280129939060116     
  0.279090307774730     
  0.278061307692515     
  0.277042795119426     
  0.276034629065603     
  0.275036671188753     
  0.274048785724907     
  0.273070839432257     
  0.272102701532227     
  0.271144243652349     
  0.270195339771045     
  0.269255866164058     
  0.268325701352532     
  0.267404726051999     
  0.266492823123062     
  0.265589877523471     
  0.264695776261528     
  0.263810408350549     
  0.262933664764571     
  0.262065438395456     
  0.261205624011097     
  0.260354118214438     
  0.259510819403846     
  0.258675627734521     
  0.257848445080913     
  0.257029174999869     
  0.256217722695019     
  0.255413994982003     
  0.254617900254654     
  0.253829348451744     
  0.253048251024919     
  0.252274520907362     
  0.251508072483223     
  0.250748821557630     
  0.249996685327710     
  0.249251582354336     
  0.248513432534443     
  0.247782157073865     
  0.247057678461175     
  0.246339920442196     
  0.245628807994800     
  0.244924267304272     
  0.244226225739630     
  0.243534611831196     
  0.242849355245048     
  0.242170386766027     
  0.241497638270511     
  0.240831042708442     
  0.240170534082156     
  0.239516047426087     
  0.238867518786920     
  0.238224885204598     
  0.237588084693593     
  0.236957056224376     
  0.236331739705525     
  0.235712075966395     
  0.235098006739942     
  0.234489474645815     
  0.233886423174115     
  0.233288796669702     
  0.232696540316350     
  0.232109600121215     
  0.231527922900047     
  0.230951456264016     
  0.230380148600640     
  0.229813949069012     
  0.229252807575961     
  0.228696674768376     
  0.228145502019370     
  0.227599241415217     
  0.227057845742490     
  0.226521268476083     
  0.225989463767433     
  0.225462386432754     
  0.224939991941297     
  0.224422236404323     
  0.223909076564233     
  0.223400469783742     
  0.222896374035208     
  0.222396747890497     
  0.221901550510848     
  0.221410741637157     
  0.220924281579954     
  0.220442131210242     
  0.219964251950070     
  0.219490605763669     
  0.219021155148148     
  0.218555863125177     
  0.218094693232211     
  0.217637609514353     
  0.217184576515781     
  0.216735559272144     
  0.216290523302341     
  0.215849434601185     
  0.215412259631346     
  0.214978965316444     
  0.214549519033420     
  0.214123888605764     
  0.213702042296055     
  0.213283948799702     
  0.212869577237668     
  0.212458897150526     
  0.212051878491215     
  0.211648491619640     
  0.211248707295522     
  0.210852496673356     
  0.210459831295216     
  0.210070683086349     
  0.209685024347781     
  0.209302827752742     
  0.208924066338304     
  0.208548713503691     
  0.208176743002745     
  0.207808128935542     
  0.207442845751146     
  0.207080868235331     
  0.206722171509717     
  0.206366731024831     
  0.206014522556735     
  0.205665522201411     
  0.205319706370950     
  0.204977051788484     
  0.204637535484138     
  0.204301134790600     
  0.203967827338861     
  0.203637591054176     
  0.203310404151723     
  0.202986245132981     
  0.202665092781332     
  0.202346926158804     
  0.202031724601216     
  0.201719467716195     
  0.201410135378183     
  0.201103707723631     
  0.200800165151271     
  0.200499488314832     
  0.200201658121934     
  0.199906655729502     
  0.199614462541298     
  0.199325060204131     
  0.199038430605117     
  0.198754555868243     
  0.198473418351536     
  0.198195000643926     
  0.197919285562434     
  0.197646256149119     
  0.197375895668328     
  0.197108187603940     
  0.196843115656516     
  0.196580663740723     
  0.196320815982522     
  0.196063556716803     
  0.195808870484558     
  0.195556742030640     
  0.195307156300991     
  0.195060098440599     
  0.194815553790672     
  0.194573507886771     
  0.194333946455994     
  0.194096855415308     
  0.193862220868672     
  0.193630029105536     
  0.193400266597988     
  0.193172919999429     
  0.192947976141627     
  0.192725422033641     
  0.192505244858764     
  0.192287431973762     
  0.192071970905570     
  0.191858849350971     
  0.191648055172733     
  0.191439576400581     
  0.191233401226461     
  0.191029518003602     
  0.190827915246905     
  0.190628581628309     
  0.190431505976907     
  0.190236677276492     
  0.190044084664294     
  0.189853717429380     
  0.189665565010828     
  0.189479616996596     
  0.189295863121493     
  0.189114293266383     
  0.188934897455837     
  0.188757665857769     
  0.188582588780800     
  0.188409656674328     
  0.188238860125396     
  0.188070189859563     
  0.187903636736556     
  0.187739191753725     
  0.187576846039239     
  0.187416590852782     
  0.187258417588557     
  0.187102317767359     
  0.186948283040390     
  0.186796305185107     
  0.186646376106194     
  0.186498487832844     
  0.186352632518922     
  0.186208802440844     
  0.186066989997432     
  0.185927187708117     
  0.185789388212574     
  0.185653584269138     
  0.185519768754357     
  0.185387934661615     
  0.185258075100516     
  0.185130183295659     
  0.185004252586056     
  0.184880276423940     
  0.184758248374171     
  0.184638162113105     
  0.184520011428044     
  0.184403790216187     
  0.184289492483975     
  0.184177112346193     
  0.184066644025326     
  0.183958081850685     
  0.183851420257752     
  0.183746653787384     
  0.183643777085180     
  0.183542784900752     
  0.183443672087042     
  0.183346433599647     
  0.183251064496204     
  0.183157559935756     
  0.183065915178098     
  0.182976125583169     
  0.182888186610509     
  0.182802093818647     
  0.182717842864525     
  0.182635429502962     
  0.182554849586123     
  0.182476099062999     
  0.182399173978840     
  0.182324070474734     
  0.182250784787078     
  0.182179313247113     
  0.182109652280453     
  0.182041798406651     
  0.181975748238757     
  0.181911498482910     
  0.181849045937892     
  0.181788387494755     
  0.181729520136432     
  0.181672440937385     
  0.181617147063157     
  0.181563635770126     
  0.181511904405098     
  0.181461950405026     
  0.181413771296595     
  0.181367364696071     
  0.181322728308867     
  0.181279859929361     
  0.181238757440518     
  0.181199418813743     
  0.181161842108555     
  0.181126025472404     
  0.181091967140329     
  0.181059665434930     
  0.181029118766008     
  0.181000325630424     
  0.180973284611880     
  0.180947994380830     
  0.180924453694239     
  0.180902661395462     
  0.180882616414062     
  0.180864317765775     
  0.180847764552278     
  0.180832955961176     
  0.180819891265793     
  0.180808569825211     
  0.180798991084103     
  0.180791154572694     
  0.180785059906686     
  0.180780706787252     
  0.180778095000956     
  0.180777224419747     
