  0.542808837050564     
  0.876700107267235     
   1.17163656518670     
   1.41507740916225     
   1.59728664879386     
   1.71184362840710     
   1.75596017321020     
   1.73058636733202     
   1.64029954625341     
   1.49298397028914     
   1.29932107015794     
   1.07212137744046     
  0.825538601249162     
  0.574213229508184     
  0.332397106478659     
  0.113111425697947     
 -7.261157756584080E-002
 -0.216358116449331     
 -0.312796272774103     
 -0.359946186110061     
 -0.359241560079628     
 -0.315379659132217     
 -0.235969750288195     
 -0.131002114478813     
 -1.217058030160834E-002
  0.107909630852165     
  0.216540645728097     
  0.301785751543754     
  0.353266459341034     
  0.362863816935316     
  0.325280744492139     
  0.238430549058695     
  0.103627263243291     
 -7.443458206504172E-002
 -0.287910418948226     
 -0.526233290253809     
 -0.776713691575885     
  -1.02527615849334     
  -1.25728881070226     
  -1.45843634438243     
  -1.61558420807570     
  -1.71758207300124     
  -1.75595819587389     
  -1.72546266419168     
  -1.62442642972657     
  -1.45491394333119     
  -1.22265945141772     
 -0.936789869363459     
 -0.609349840845509     
 -0.254656365349900     
  0.111479475567708     
  0.472618246530659     
  0.812594684097412     
   1.11640417047492     
   1.37102126202568     
   1.56610242748901     
   1.69453204835390     
   1.75278006799147     
   1.74105088842028     
   1.66321553306122     
   1.52653197754001     
   1.34117112790472     
   1.11957744448586     
  0.875702981583050     
  0.624161054599633     
  0.379350413333869     
  0.154602415400404     
 -3.859783732384081E-002
 -0.191270019695329     
 -0.297437740873992     
 -0.354439008323676     
 -0.363030107951473     
 -0.327277511444825     
 -0.254245233620336     
 -0.153497415249635     
 -3.644705859807462E-002
  8.440887576357428E-002
  0.196320948639176     
  0.287134221548788     
  0.346098724374697     
  0.364593601592595     
  0.336720333011213     
  0.259728322100560     
  0.134246259575008     
 -3.569560533977412E-002
 -0.242854522595092     
 -0.477165086048028     
 -0.726307164740081     
 -0.976418412254815     
  -1.21290903811688     
  -1.42133024807955     
  -1.58824439194131     
  -1.70204460239409     
  -1.75367458392617     
  -1.73720504691501     
  -1.65023173118235     
  -1.49407052118042     
  -1.27373719085800     
 -0.997712110614214     
 -0.677503036442638     
 -0.327031117460175     
  3.812421641408921E-002
  0.401577419632253     
  0.747036200141740     
   1.05919543100679     
   1.32457326819935     
   1.53224058157683     
   1.67440116155543     
   1.74678905127894     
   1.74886024134860     
   1.68376819997202     
   1.55812556367516     
   1.38156701373131     
   1.16614015174786     
  0.925561359783522     
  0.674381578329876     
  0.427112185276129     
  0.197363398173893     
 -2.953281192309420E-003
 -0.164311050304022     
 -0.280101521921194     
 -0.346984743984169     
 -0.365035237029371     
 -0.337676110482545     
 -0.271406130504663     
 -0.175337117426493     
 -6.057049924364047E-002
  6.054844824031178E-002
  0.175252766835085     
  0.271201871741380     
  0.337303421412098     
  0.364458504220714     
  0.346184268934495     
  0.279075517952311     
  0.163076498165495     
  1.545580830287774E-003
 -0.198891968880731     
 -0.428695121165584     
 -0.675941755378024     
 -0.927015390700964     
  -1.16740323170320     
  -1.38255796805212     
  -1.55877179551060     
  -1.68401024012945     
  -1.74865562461186     
  -1.74611528218027     
  -1.67325758551545     
  -1.53064904139729     
  -1.32257749727598     
  -1.05685920906668     
 -0.744440370358680     
 -0.398815933273693     
 -3.529942870441671E-002
  0.329813632249799     
  0.680139854196335     
   1.00010720346790     
   1.27580675008473     
   1.49574708182290     
   1.65146736472904     
   1.73797344345861     
   1.75397191089606     
   1.70188909919483     
   1.58767473434593     
   1.42040278856958     
   1.21169409421736     
  0.974995830356326     
  0.724761428633210     
  0.475580264941754     
  0.241309361245316     
  3.425904863268747E-002
 -0.135518843014650     
 -0.260797996283270     
 -0.337566366687976     
 -0.365214058323189     
 -0.346509845006293     
 -0.287368647151342     
 -0.196424902497726     
 -8.443848629079936E-002
  3.643005999783627E-002
  0.153430349398176     
  0.254069188476108     
  0.326941819695916     
  0.362496304678278     
  0.353684017669347     
  0.296456087467855     
  0.190074919823473     
  3.722109296876308E-002
 -0.156111723621052     
 -0.380928364998015     
 -0.625732321468274     
 -0.877185053044738     
  -1.12088539755060     
  -1.34222265848528     
  -1.52725239234248     
  -1.66354240199920     
  -1.74093807605913     
  -1.75220089803303     
  -1.69348140548541     
  -1.56459766305202     
  -1.36910184021083     
  -1.11413006592785     
 -0.810043615503216     
 -0.469881899530284     
 -0.108658928141417     
  0.257455754690466     
  0.612023789904759     
  0.939240467483151     
   1.22480009005681     
   1.45667360058510     
   1.62575306561839     
   1.72632553618899     
   1.75634896793234     
   1.71751466269538     
   1.61509339079399     
   1.45757520669490     
   1.25612521249259     
   1.02388842126084     
  0.775185775014920     
  0.524649748155119     
  0.286351436929658     
  7.297139296832111E-002
 -0.104936314832042     
 -0.239543062306166     
 -0.326172261334953     
 -0.363528652958935     
 -0.353717326271780     
 -0.302052204783487     
 -0.216666461873138     
 -0.107949285181301     
  1.215611172292967E-002
  0.130949962436793     
  0.235819879298935     
  0.315079415823589     
  0.358749756169208     
  0.359236457311706     
  0.311859498919526     
  0.215203745135603     
  7.126776030578019E-002
 -0.114598903547997     
 -0.333967047160361     
 -0.575792270388074     
 -0.827045300107158     
  -1.07347089534907     
  -1.30043017425871     
  -1.49377605784965     
  -1.64070938834473     
  -1.73056428551165     
  -1.75547539485433     
  -1.71088661390056     
  -1.59587024383077     
  -1.41323674435967     
  -1.16942769895762     
 -0.874197482037333     
 -0.540101689009957     
 -0.181821892197479     
  0.184633967727235     
  0.542808837050564     
  0.876700107267235     
   1.17163656518670     
   1.41507740916225     
   1.59728664879386     
   1.71184362840710     
   1.75596017321020     
   1.73058636733202     
   1.64029954625341     
   1.49298397028914     
   1.29932107015794     
   1.07212137744046     
  0.825538601249162     
  0.574213229508184     
  0.332397106478659     
  0.113111425697947     
 -7.261157756584080E-002
 -0.216358116449331     
 -0.312796272774103     
 -0.359946186110061     
 -0.359241560079628     
 -0.315379659132217     
 -0.235969750288195     
 -0.131002114478813     
 -1.217058030160834E-002
  0.107909630852165     
  0.216540645728097     
  0.301785751543754     
  0.353266459341034     
  0.362863816935316     
  0.325280744492139     
  0.238430549058695     
  0.103627263243291     
 -7.443458206504172E-002
 -0.287910418948226     
 -0.526233290253809     
 -0.776713691575885     
  -1.02527615849334     
  -1.25728881070226     
  -1.45843634438243     
  -1.61558420807570     
  -1.71758207300124     
  -1.75595819587389     
  -1.72546266419168     
  -1.62442642972657     
  -1.45491394333119     
  -1.22265945141772     
 -0.936789869363459     
 -0.609349840845509     
 -0.254656365349900     
  0.111479475567708     
  0.472618246530659     
  0.812594684097412     
   1.11640417047492     
   1.37102126202568     
   1.56610242748901     
   1.69453204835390     
   1.75278006799147     
   1.74105088842028     
   1.66321553306122     
   1.52653197754001     
   1.34117112790472     
   1.11957744448586     
  0.875702981583050     
  0.624161054599633     
  0.379350413333869     
  0.154602415400404     
 -3.859783732384081E-002
 -0.191270019695329     
 -0.297437740873992     
 -0.354439008323676     
 -0.363030107951473     
 -0.327277511444825     
 -0.254245233620336     
 -0.153497415249635     
 -3.644705859807462E-002
  8.440887576357428E-002
  0.196320948639176     
  0.287134221548788     
  0.346098724374697     
  0.364593601592595     
  0.336720333011213     
  0.259728322100560     
  0.134246259575008     
 -3.569560533977412E-002
 -0.242854522595092     
 -0.477165086048028     
 -0.726307164740081     
 -0.976418412254815     
  -1.21290903811688     
  -1.42133024807955     
  -1.58824439194131     
  -1.70204460239409     
  -1.75367458392617     
  -1.73720504691501     
  -1.65023173118235     
  -1.49407052118042     
  -1.27373719085800     
 -0.997712110614214     
 -0.677503036442638     
 -0.327031117460175     
  3.812421641408921E-002
  0.401577419632253     
  0.747036200141740     
   1.05919543100679     
   1.32457326819935     
   1.53224058157683     
   1.67440116155543     
   1.74678905127894     
   1.74886024134860     
   1.68376819997202     
   1.55812556367516     
   1.38156701373131     
   1.16614015174786     
  0.925561359783522     
  0.674381578329876     
  0.427112185276129     
  0.197363398173893     
 -2.953281192309420E-003
 -0.164311050304022     
 -0.280101521921194     
 -0.346984743984169     
 -0.365035237029371     
 -0.337676110482545     
 -0.271406130504663     
 -0.175337117426493     
 -6.057049924364047E-002
  6.054844824031178E-002
  0.175252766835085     
  0.271201871741380     
  0.337303421412098     
  0.364458504220714     
  0.346184268934495     
  0.279075517952311     
  0.163076498165495     
  1.545580830287774E-003
 -0.198891968880731     
 -0.428695121165584     
 -0.675941755378024     
 -0.927015390700964     
  -1.16740323170320     
  -1.38255796805212     
  -1.55877179551060     
  -1.68401024012945     
  -1.74865562461186     
  -1.74611528218027     
  -1.67325758551545     
  -1.53064904139729     
  -1.32257749727598     
  -1.05685920906668     
 -0.744440370358680     
 -0.398815933273693     
 -3.529942870441671E-002
  0.329813632249799     
  0.680139854196335     
   1.00010720346790     
   1.27580675008473     
   1.49574708182290     
   1.65146736472904     
   1.73797344345861     
   1.75397191089606     
   1.70188909919483     
   1.58767473434593     
   1.42040278856958     
   1.21169409421736     
  0.974995830356326     
  0.724761428633210     
  0.475580264941754     
  0.241309361245316     
  3.425904863268747E-002
 -0.135518843014650     
 -0.260797996283270     
 -0.337566366687976     
 -0.365214058323189     
 -0.346509845006293     
 -0.287368647151342     
 -0.196424902497726     
 -8.443848629079936E-002
  3.643005999783627E-002
  0.153430349398176     
  0.254069188476108     
  0.326941819695916     
  0.362496304678278     
  0.353684017669347     
  0.296456087467855     
  0.190074919823473     
  3.722109296876308E-002
 -0.156111723621052     
 -0.380928364998015     
 -0.625732321468274     
 -0.877185053044738     
  -1.12088539755060     
  -1.34222265848528     
  -1.52725239234248     
  -1.66354240199920     
  -1.74093807605913     
  -1.75220089803303     
  -1.69348140548541     
  -1.56459766305202     
  -1.36910184021083     
  -1.11413006592785     
 -0.810043615503216     
 -0.469881899530284     
 -0.108658928141417     
  0.257455754690466     
  0.612023789904759     
  0.939240467483151     
   1.22480009005681     
   1.45667360058510     
   1.62575306561839     
   1.72632553618899     
   1.75634896793234     
   1.71751466269538     
   1.61509339079399     
   1.45757520669490     
   1.25612521249259     
   1.02388842126084     
  0.775185775014920     
  0.524649748155119     
  0.286351436929658     
  7.297139296832111E-002
 -0.104936314832042     
 -0.239543062306166     
 -0.326172261334953     
 -0.363528652958935     
 -0.353717326271780     
 -0.302052204783487     
 -0.216666461873138     
 -0.107949285181301     
  1.215611172292967E-002
  0.130949962436793     
  0.235819879298935     
  0.315079415823589     
  0.358749756169208     
  0.359236457311706     
  0.311859498919526     
  0.215203745135603     
  7.126776030578019E-002
 -0.114598903547997     
 -0.333967047160361     
 -0.575792270388074     
 -0.827045300107158     
  -1.07347089534907     
  -1.30043017425871     
  -1.49377605784965     
  -1.64070938834473     
  -1.73056428551165     
  -1.75547539485433     
  -1.71088661390056     
  -1.59587024383077     
  -1.41323674435967     
  -1.16942769895762     
 -0.874197482037333     
 -0.540101689009957     
 -0.181821892197479     
  0.184633967727235     
  0.542808837050564     
  0.876700107267235     
   1.17163656518670     
   1.41507740916225     
   1.59728664879386     
   1.71184362840710     
   1.75596017321020     
   1.73058636733202     
   1.64029954625341     
   1.49298397028914     
   1.29932107015794     
   1.07212137744046     
  0.825538601249162     
  0.574213229508184     
  0.332397106478659     
  0.113111425697947     
 -7.261157756584080E-002
 -0.216358116449331     
 -0.312796272774103     
 -0.359946186110061     
 -0.359241560079628     
 -0.315379659132217     
 -0.235969750288195     
 -0.131002114478813     
 -1.217058030160834E-002
  0.107909630852165     
  0.216540645728097     
  0.301785751543754     
  0.353266459341034     
  0.362863816935316     
  0.325280744492139     
  0.238430549058695     
  0.103627263243291     
 -7.443458206504172E-002
 -0.287910418948226     
 -0.526233290253809     
 -0.776713691575885     
  -1.02527615849334     
  -1.25728881070226     
  -1.45843634438243     
  -1.61558420807570     
  -1.71758207300124     
  -1.75595819587389     
  -1.72546266419168     
  -1.62442642972657     
  -1.45491394333119     
  -1.22265945141772     
 -0.936789869363459     
 -0.609349840845509     
 -0.254656365349900     
  0.111479475567708     
  0.472618246530659     
  0.812594684097412     
   1.11640417047492     
   1.37102126202568     
   1.56610242748901     
   1.69453204835390     
   1.75278006799147     
   1.74105088842028     
   1.66321553306122     
   1.52653197754001     
   1.34117112790472     
   1.11957744448586     
  0.875702981583050     
  0.624161054599633     
  0.379350413333869     
  0.154602415400404     
 -3.859783732384081E-002
 -0.191270019695329     
 -0.297437740873992     
 -0.354439008323676     
 -0.363030107951473     
 -0.327277511444825     
 -0.254245233620336     
 -0.153497415249635     
 -3.644705859807462E-002
  8.440887576357428E-002
  0.196320948639176     
  0.287134221548788     
  0.346098724374697     
  0.364593601592595     
  0.336720333011213     
  0.259728322100560     
  0.134246259575008     
 -3.569560533977412E-002
 -0.242854522595092     
 -0.477165086048028     
 -0.726307164740081     
 -0.976418412254815     
  -1.21290903811688     
  -1.42133024807955     
  -1.58824439194131     
  -1.70204460239409     
  -1.75367458392617     
  -1.73720504691501     
  -1.65023173118235     
  -1.49407052118042     
  -1.27373719085800     
 -0.997712110614214     
 -0.677503036442638     
 -0.327031117460175     
  3.812421641408921E-002
  0.401577419632253     
  0.747036200141740     
   1.05919543100679     
   1.32457326819935     
   1.53224058157683     
   1.67440116155543     
   1.74678905127894     
   1.74886024134860     
   1.68376819997202     
   1.55812556367516     
   1.38156701373131     
   1.16614015174786     
  0.925561359783522     
  0.674381578329876     
  0.427112185276129     
  0.197363398173893     
 -2.953281192309420E-003
 -0.164311050304022     
 -0.280101521921194     
 -0.346984743984169     
 -0.365035237029371     
 -0.337676110482545     
 -0.271406130504663     
 -0.175337117426493     
 -6.057049924364047E-002
  6.054844824031178E-002
  0.175252766835085     
  0.271201871741380     
  0.337303421412098     
  0.364458504220714     
  0.346184268934495     
  0.279075517952311     
  0.163076498165495     
  1.545580830287774E-003
 -0.198891968880731     
 -0.428695121165584     
 -0.675941755378024     
 -0.927015390700964     
  -1.16740323170320     
  -1.38255796805212     
  -1.55877179551060     
  -1.68401024012945     
  -1.74865562461186     
  -1.74611528218027     
  -1.67325758551545     
  -1.53064904139729     
  -1.32257749727598     
  -1.05685920906668     
 -0.744440370358680     
 -0.398815933273693     
 -3.529942870441671E-002
  0.329813632249799     
  0.680139854196335     
   1.00010720346790     
   1.27580675008473     
   1.49574708182290     
   1.65146736472904     
   1.73797344345861     
   1.75397191089606     
   1.70188909919483     
   1.58767473434593     
   1.42040278856958     
   1.21169409421736     
  0.974995830356326     
  0.724761428633210     
  0.475580264941754     
  0.241309361245316     
  3.425904863268747E-002
 -0.135518843014650     
 -0.260797996283270     
 -0.337566366687976     
 -0.365214058323189     
 -0.346509845006293     
 -0.287368647151342     
 -0.196424902497726     
 -8.443848629079936E-002
  3.643005999783627E-002
  0.153430349398176     
  0.254069188476108     
  0.326941819695916     
  0.362496304678278     
  0.353684017669347     
  0.296456087467855     
  0.190074919823473     
  3.722109296876308E-002
 -0.156111723621052     
 -0.380928364998015     
 -0.625732321468274     
 -0.877185053044738     
  -1.12088539755060     
  -1.34222265848528     
  -1.52725239234248     
  -1.66354240199920     
  -1.74093807605913     
  -1.75220089803303     
  -1.69348140548541     
  -1.56459766305202     
  -1.36910184021083     
  -1.11413006592785     
 -0.810043615503216     
 -0.469881899530284     
 -0.108658928141417     
  0.257455754690466     
  0.612023789904759     
  0.939240467483151     
   1.22480009005681     
   1.45667360058510     
   1.62575306561839     
   1.72632553618899     
   1.75634896793234     
   1.71751466269538     
   1.61509339079399     
   1.45757520669490     
   1.25612521249259     
   1.02388842126084     
  0.775185775014920     
  0.524649748155119     
  0.286351436929658     
  7.297139296832111E-002
 -0.104936314832042     
 -0.239543062306166     
 -0.326172261334953     
 -0.363528652958935     
 -0.353717326271780     
 -0.302052204783487     
 -0.216666461873138     
 -0.107949285181301     
  1.215611172292967E-002
  0.130949962436793     
  0.235819879298935     
  0.315079415823589     
  0.358749756169208     
  0.359236457311706     
  0.311859498919526     
  0.215203745135603     
  7.126776030578019E-002
 -0.114598903547997     
 -0.333967047160361     
 -0.575792270388074     
 -0.827045300107158     
  -1.07347089534907     
  -1.30043017425871     
  -1.49377605784965     
  -1.64070938834473     
  -1.73056428551165     
  -1.75547539485433     
  -1.71088661390056     
  -1.59587024383077     
  -1.41323674435967     
  -1.16942769895762     
 -0.874197482037333     
 -0.540101689009957     
 -0.181821892197479     
  0.184633967727235     
  0.542808837050564     
  0.876700107267235     
   1.17163656518670     
   1.41507740916225     
   1.59728664879386     
   1.71184362840710     
   1.75596017321020     
   1.73058636733202     
   1.64029954625341     
   1.49298397028914     
   1.29932107015794     
   1.07212137744046     
  0.825538601249162     
  0.574213229508184     
  0.332397106478659     
  0.113111425697947     
 -7.261157756584080E-002
 -0.216358116449331     
 -0.312796272774103     
 -0.359946186110061     
 -0.359241560079628     
 -0.315379659132217     
 -0.235969750288195     
 -0.131002114478813     
 -1.217058030160834E-002
  0.107909630852165     
  0.216540645728097     
  0.301785751543754     
  0.353266459341034     
  0.362863816935316     
  0.325280744492139     
  0.238430549058695     
  0.103627263243291     
 -7.443458206504172E-002
 -0.287910418948226     
 -0.526233290253809     
 -0.776713691575885     
  -1.02527615849334     
  -1.25728881070226     
  -1.45843634438243     
  -1.61558420807570     
  -1.71758207300124     
  -1.75595819587389     
  -1.72546266419168     
  -1.62442642972657     
  -1.45491394333119     
  -1.22265945141772     
 -0.936789869363459     
 -0.609349840845509     
 -0.254656365349900     
  0.111479475567708     
  0.472618246530659     
  0.812594684097412     
   1.11640417047492     
   1.37102126202568     
   1.56610242748901     
   1.69453204835390     
   1.75278006799147     
   1.74105088842028     
   1.66321553306122     
   1.52653197754001     
   1.34117112790472     
   1.11957744448586     
  0.875702981583050     
  0.624161054599633     
  0.379350413333869     
  0.154602415400404     
 -3.859783732384081E-002
 -0.191270019695329     
 -0.297437740873992     
 -0.354439008323676     
 -0.363030107951473     
 -0.327277511444825     
 -0.254245233620336     
 -0.153497415249635     
 -3.644705859807462E-002
  8.440887576357428E-002
  0.196320948639176     
  0.287134221548788     
  0.346098724374697     
  0.364593601592595     
  0.336720333011213     
  0.259728322100560     
  0.134246259575008     
 -3.569560533977412E-002
 -0.242854522595092     
 -0.477165086048028     
 -0.726307164740081     
 -0.976418412254815     
  -1.21290903811688     
  -1.42133024807955     
  -1.58824439194131     
  -1.70204460239409     
  -1.75367458392617     
  -1.73720504691501     
  -1.65023173118235     
  -1.49407052118042     
  -1.27373719085800     
 -0.997712110614214     
 -0.677503036442638     
 -0.327031117460175     
  3.812421641408921E-002
  0.401577419632253     
  0.747036200141740     
   1.05919543100679     
   1.32457326819935     
   1.53224058157683     
   1.67440116155543     
   1.74678905127894     
   1.74886024134860     
   1.68376819997202     
   1.55812556367516     
   1.38156701373131     
   1.16614015174786     
  0.925561359783522     
  0.674381578329876     
  0.427112185276129     
  0.197363398173893     
 -2.953281192309420E-003
 -0.164311050304022     
 -0.280101521921194     
 -0.346984743984169     
 -0.365035237029371     
 -0.337676110482545     
 -0.271406130504663     
 -0.175337117426493     
 -6.057049924364047E-002
  6.054844824031178E-002
  0.175252766835085     
  0.271201871741380     
  0.337303421412098     
  0.364458504220714     
  0.346184268934495     
  0.279075517952311     
  0.163076498165495     
  1.545580830287774E-003
 -0.198891968880731     
 -0.428695121165584     
 -0.675941755378024     
 -0.927015390700964     
  -1.16740323170320     
  -1.38255796805212     
  -1.55877179551060     
  -1.68401024012945     
  -1.74865562461186     
  -1.74611528218027     
  -1.67325758551545     
  -1.53064904139729     
  -1.32257749727598     
  -1.05685920906668     
 -0.744440370358680     
 -0.398815933273693     
 -3.529942870441671E-002
  0.329813632249799     
  0.680139854196335     
   1.00010720346790     
   1.27580675008473     
   1.49574708182290     
   1.65146736472904     
   1.73797344345861     
   1.75397191089606     
   1.70188909919483     
   1.58767473434593     
   1.42040278856958     
   1.21169409421736     
  0.974995830356326     
  0.724761428633210     
  0.475580264941754     
  0.241309361245316     
  3.425904863268747E-002
 -0.135518843014650     
 -0.260797996283270     
 -0.337566366687976     
 -0.365214058323189     
 -0.346509845006293     
 -0.287368647151342     
 -0.196424902497726     
 -8.443848629079936E-002
  3.643005999783627E-002
  0.153430349398176     
  0.254069188476108     
  0.326941819695916     
  0.362496304678278     
  0.353684017669347     
  0.296456087467855     
  0.190074919823473     
  3.722109296876308E-002
 -0.156111723621052     
 -0.380928364998015     
 -0.625732321468274     
 -0.877185053044738     
  -1.12088539755060     
  -1.34222265848528     
  -1.52725239234248     
  -1.66354240199920     
  -1.74093807605913     
  -1.75220089803303     
  -1.69348140548541     
  -1.56459766305202     
  -1.36910184021083     
  -1.11413006592785     
 -0.810043615503216     
 -0.469881899530284     
 -0.108658928141417     
  0.257455754690466     
  0.612023789904759     
  0.939240467483151     
   1.22480009005681     
   1.45667360058510     
   1.62575306561839     
   1.72632553618899     
   1.75634896793234     
   1.71751466269538     
   1.61509339079399     
   1.45757520669490     
   1.25612521249259     
   1.02388842126084     
  0.775185775014920     
  0.524649748155119     
  0.286351436929658     
  7.297139296832111E-002
 -0.104936314832042     
 -0.239543062306166     
 -0.326172261334953     
 -0.363528652958935     
 -0.353717326271780     
 -0.302052204783487     
 -0.216666461873138     
 -0.107949285181301     
  1.215611172292967E-002
  0.130949962436793     
  0.235819879298935     
  0.315079415823589     
  0.358749756169208     
  0.359236457311706     
  0.311859498919526     
  0.215203745135603     
  7.126776030578019E-002
 -0.114598903547997     
 -0.333967047160361     
 -0.575792270388074     
 -0.827045300107158     
  -1.07347089534907     
  -1.30043017425871     
  -1.49377605784965     
  -1.64070938834473     
  -1.73056428551165     
  -1.75547539485433     
  -1.71088661390056     
  -1.59587024383077     
  -1.41323674435967     
  -1.16942769895762     
 -0.874197482037333     
 -0.540101689009957     
 -0.181821892197479     
  0.184633967727235     
