  0.365742615552192     
  0.715032730248532     
   1.03232281855226     
   1.30382220987641     
   1.51824594658803     
   1.66741684387597     
   1.74668573534455     
   1.75514573424999     
   1.69562862177914     
   1.57448445446282     
   1.40115838473520     
   1.18759073873989     
  0.947476872016401     
  0.695431599591291     
  0.446108577431119     
  0.213327564325781     
  9.261866105395922E-003
 -0.156265502364830     
 -0.276335079233422     
 -0.347300968417704     
 -0.368956068413666     
 -0.344483404099641     
 -0.280197405139142     
 -0.185091686552215     
 -7.022158941265795E-002
  5.204027157271127E-002
  0.168829532492182     
  0.267645857242546     
  0.337186320046930     
  0.368105099312586     
  0.353652640786244     
  0.290154731520073     
  0.177301603061411     
  1.822867043876153E-002
 -0.180616878176465     
 -0.409816456413544     
 -0.657507683700119     
 -0.910068106501664     
  -1.15291440848718     
  -1.37136939819078     
  -1.55154484060583     
  -1.68118709384218     
  -1.75043459219283     
  -1.75244136008319     
  -1.68382864082001     
  -1.54493690762477     
  -1.33986238265334     
  -1.07627501239097     
 -0.765027866697566     
 -0.419580363617425     
 -5.526882746716189E-002
  0.311533002116469     
  0.664314323778962     
  0.987335670934570     
   1.26649205119917     
   1.49008023065828     
   1.64942528666958     
   1.73932995159832     
   1.75832084189096     
   1.70867777837081     
   1.59624532854771     
   1.43003866540496     
   1.22166806276840     
  0.984617102681686     
  0.733418311360295     
  0.482775950509572     
  0.246688711385256     
  3.762491085495845E-002
 -0.134200516899161     
 -0.261404201695792     
 -0.339833501004895     
 -0.368763341189891     
 -0.350879707037186     
 -0.292051676129695     
 -0.200906692946886     
 -8.823567827160456E-002
  3.373514340498884E-002
  0.152160761073202     
  0.254431963742776     
  0.329015421166981     
  0.366227559924829     
  0.358894535911289     
  0.302857487135827     
  0.197291602569101     
  4.481880108105107E-002
 -0.148593697990059     
 -0.373943665734913     
 -0.619695106144447     
 -0.872440941920073     
  -1.11768780019295     
  -1.34071607542755     
  -1.52746377476298     
  -1.66538106915139     
  -1.74420407920139     
  -1.75660112352207     
  -1.69865216968377     
  -1.57013210473238     
  -1.37458009248150     
  -1.11915001088889     
 -0.814250002261443     
 -0.472991740372975     
 -0.110481368269767     
  0.257006491849079     
  0.612923276207063     
  0.941357091936508     
   1.22790597223839     
   1.46046257221788     
   1.62986438983271     
   1.73037162203080     
   1.75994504978022     
   1.72030827075228     
   1.61679145002581     
   1.45796676703880     
   1.25509812165014     
   1.02143868172040     
  0.771418849342391     
  0.519773654734532     
  0.280662071835233     
  6.683108081572020E-002
 -0.111125537508195     
 -0.245369529163164     
 -0.331245954622619     
 -0.367511393111965     
 -0.356349632773590     
 -0.303174793315492     
 -0.216234695041916     
 -0.106039370982714     
  1.534980973080999E-002
  0.135126514973527     
  0.240591656839818     
  0.319999001540265     
  0.363342149119397     
  0.363034392326031     
  0.314439436752422     
  0.216219978417591     
  7.048214810336750E-002
 -0.117293818551380     
 -0.338533382948649     
 -0.582041917261181     
 -0.834645465203936     
  -1.08196004457371     
  -1.30924362101485     
  -1.50227976695426     
  -1.64823996336742     
  -1.73647263079072     
  -1.75917122431460     
  -1.71188084233837     
  -1.59381235557716     
  -1.40794448939290     
  -1.16090690476012     
 -0.862650365494862     
 -0.525922770178852     
 -0.165581405805726     
  0.202218447575121     
  0.560911051947941     
  0.894431831657387     
   1.18809958656527     
   1.42941756125805     
   1.60874647741744     
   1.71981027816519     
   1.76000531449778     
   1.73049542639963     
   1.63608813211103     
   1.48490017344825     
   1.28783319192838     
   1.05789157930819     
  0.809383882275663     
  0.557055985900972     
  0.315208245231406     
  9.684954449529215E-002
 -8.706110756631613E-002
 -0.228240244998769     
 -0.321535789935667     
 -0.365186327600233     
 -0.360868995923676     
 -0.313533986240703     
 -0.231036570238095     
 -0.123589816834043     
 -3.072004037631249E-003
  0.117768487090953     
  0.226161814730126     
  0.310166638779417     
  0.359469107721576     
  0.366081653743738     
  0.324898433912741     
  0.234072919218487     
  9.519388628162240E-002
 -8.675173838157280E-002
 -0.303627828130795     
 -0.544595611136781     
 -0.796731646763126     
  -1.04578060772411     
  -1.27699801183573     
  -1.47603249516713     
  -1.62979469057590     
  -1.72726042608835     
  -1.76015974962009     
  -1.72350999469289     
  -1.61596032547284     
  -1.43992638685998     
  -1.20150616666891     
 -0.910181204465409     
 -0.578320074690253     
 -0.220512863504904     
  0.147224557569428     
  0.508329887248830     
  0.846605813134270     
   1.14711001304300     
   1.39697153729359     
   1.58608576499493     
   1.70764737478677     
   1.75849043593076     
   1.73921622964794     
   1.65410206347220     
   1.51079738471058     
   1.31982615120755     
   1.09392592052010     
  0.847263783518337     
  0.594576517036163     
  0.350286729421848     
  0.127648060772690     
 -6.202939874568159E-002
 -0.210027277477383     
 -0.310702220468308     
 -0.361775900190437     
 -0.364415060334439     
 -0.323097641390073     
 -0.245273989312753     
 -0.140844546096889     
 -2.148651764220478E-002
  0.100128857625048     
  0.211180205389015     
  0.299549147979937     
  0.354630185485664     
  0.368047451119045     
  0.334234093334653     
  0.250838339382719     
  0.118930773193420     
 -5.700061560923542E-002
 -0.269268208539310     
 -0.507403062348305     
 -0.758749273088308     
  -1.00919922362292     
  -1.24402593355381     
  -1.44876274961625     
  -1.61007761871533     
  -1.71658935714593     
  -1.75957666019151     
  -1.73353688851247     
  -1.63656054588783     
  -1.47049829595590     
  -1.24090969907365     
 -0.956795845495418     
 -0.630130939061138     
 -0.275219874612783     
  9.208076628817245E-002
  0.455232725500562     
  0.797926076024464     
   1.10497583117175     
   1.36315255896589     
   1.56189834526137     
   1.69388629234268     
   1.75539107625709     
   1.74644935606242     
   1.67080135588058     
   1.53561797519512     
   1.35103054304868     
   1.12949205318423     
  0.885008697783852     
  0.632288160018248     
  0.385855973370020     
  0.159193019786188     
 -3.605418447563147E-002
 -0.190743289132383     
 -0.298746218415958     
 -0.357269540389851     
 -0.366966575594669     
 -0.331835351074969     
 -0.258909474657091     
 -0.157761534024188     
 -3.984996180006568E-002
  8.225023048150272E-002
  0.195685429114488     
  0.288178533946526     
  0.348848605961723     
  0.368944582348980     
  0.342447786743097     
  0.266505891404322     
  0.141671177277749     
 -2.807222576740687E-002
 -0.235494664759863     
 -0.470510463660645     
 -0.720747879720924     
 -0.972265826392499     
  -1.21037471623353     
  -1.42051237560547     
  -1.58912252313834     
  -1.70448299602595     
  -1.75743377301192     
  -1.74196071070496     
  -1.65559943049122     
  -1.49963445727064     
  -1.27908088017756     
  -1.00244875047445     
 -0.681303377267629     
 -0.329646851695696     
  3.684320476053858E-002
  0.401673151611000     
  0.748440718807906     
   1.06173703449986     
   1.32799037137376     
   1.53620217116895     
   1.67853233681125     
   1.75069977649429     
   1.75217520461466     
   1.68615559003311     
   1.55932265024385     
   1.38140064107659     
   1.16454061555021     
  0.922568608303257     
  0.670143228207278     
  0.421873431512837     
  0.191449485784885     
 -9.160811129189317E-003
 -0.170402663658623     
 -0.285670517989535     
 -0.351658371192334     
 -0.368503811471340     
 -0.339717960639388     
 -0.271906457328194     
 -0.174299264229928     
 -5.811864400959002E-002
  6.417556908707593E-002
  0.179716859912630     
  0.276087941761930     
  0.342149029305960     
  0.368787489643050     
  0.349542636237641     
  0.281066975695306     
  0.163395103609752     
  3.078427236236081E-006
 -0.202346218410510     
 -0.433963264764116     
 -0.682776684680787     
 -0.935030482403965     
  -1.17609226920144     
  -1.39132421507018     
  -1.56696453837035     
  -1.69096655970933     
  -1.75374474150475     
  -1.74878257007835     
  -1.67306528871733     
  -1.52731087054140     
  -1.31598460792566     
  -1.04709557266659     
 -0.731786196464579     
 -0.383738555775417     
 -1.843187926726524E-002
  0.347705325527444     
  0.698198839585895     
   1.01743498216240     
   1.29151637117452     
   1.50901703660293     
   1.66159273703969     
   1.74441097058949     
   1.75637592761951     
   1.70013585948845     
   1.58187330142853     
   1.41089151221130     
   1.19902260368068     
  0.959893404324042     
  0.708093500004026     
  0.458295619580516     
  0.224381241886797     
  1.862383302549520E-002
 -0.149021490387536     
 -0.271479616286405     
 -0.344935226224055     
 -0.369008590224119     
 -0.346717613919791     
 -0.284229332836109     
 -0.190416791361367     
 -7.624901424957341E-002
  4.594813170449313E-002
  0.163314585806294     
  0.263311605767437     
  0.334557513087140     
  0.367592234594889     
  0.355523505206149     
  0.294514747959711     
  0.184084217356877     
  2.719640525931533E-002
 -0.169860721475642     
 -0.397806112135034     
 -0.644884522441318     
 -0.897543322320068     
  -1.14122701523743     
  -1.36124204688015     
  -1.54364010813184     
  -1.67606687287258     
  -1.74852503334587     
  -1.75400549157504     
  -1.68894833683229     
  -1.55350532195888     
  -1.35158734199022     
  -1.09069321093893     
 -0.781529060290256     
 -0.437440165001311     
 -7.368819134272864E-002
  0.293383914996062     
  0.647250475554323     
  0.972112348611124     
   1.25376356950107     
   1.48036455462950     
   1.64307663955228     
   1.73652099703034     
   1.75903545839056     
   1.71271481265503     
   1.60323306030886     
   1.43945907893758     
   1.23288943847384     
  0.996932948853691     
  0.746090283250858     
  0.495078171803286     
  0.257950836683466     
  4.727135106760560E-002
 -0.126617546354120     
 -0.256179771685130     
 -0.337094664494889     
 -0.368464316752216     
 -0.352807796895080     
 -0.295843515588243     
 -0.206073802976770     
 -9.419773048021635E-002
  2.761140633720233E-002
  0.146519348150187     
  0.249884797026385     
  0.326101471144212     
  0.365376470991144     
  0.360396986798549     
  0.306844124098246     
  0.203721864885684     
  5.348036011310020E-002
 -0.138074807337022     
 -0.362082790100568     
 -0.607119778542011     
 -0.859854473168131     
  -1.10582782418532     
  -1.33031052598428     
  -1.51918693369291     
  -1.65981232858610     
  -1.74179190590901     
  -1.75763440799208     
  -1.70324070648896     
  -1.57819740911417     
  -1.38585714368959     
  -1.13319986233938     
 -0.830482551034987     
 -0.490697342769155     
 -0.128869460379894     
  0.238764027647728     
  0.595646541231756     
  0.925813071601749     
   1.21476655274315     
   1.45026813334219     
   1.62299510083432     
   1.72702810795946     
   1.76013953657572     
   1.72386669277334     
   1.62336635061774     
   1.46706018052765     
   1.26609303222622     
   1.03363714655619     
  0.784084480387333     
  0.532175899427781     
  0.292119632628862     
  7.675187281605778E-002
 -0.103210275978924     
 -0.239778999764683     
 -0.328132982733726     
 -0.366856006530809     
 -0.357963379465415     
 -0.306715491915014     
 -0.221230680542590     
 -0.111921723854845     
  9.209045314644379E-003
  0.129372480036921     
  0.235843769344023     
  0.316809630552971     
  0.362159415396331     
  0.364171389978020     
  0.318051782638411     
  0.222293092492025     
  7.882907943616935E-002
 -0.107023843567709     
 -0.326836163187106     
 -0.569530324926491     
 -0.822013990535327     
  -1.06994394607327     
  -1.29857512148039     
  -1.49364392063110     
  -1.64223284698791     
  -1.73356437937881     
  -1.75967614920015     
  -1.71593645076041     
  -1.60136856355413     
  -1.41876371378827     
  -1.17457507295479     
 -0.878598230591604     
 -0.543456305195984     
 -0.183919508701192     
  0.183901142500053     
  0.543438765524026     
  0.878582298507548     
   1.17456144124426     
   1.41875294933770     
   1.60136107710096     
   1.71593247577889     
   1.75967573113713     
   1.73356737583713     
   1.64223893880226     
   1.49365263313322     
   1.29858585464494     
   1.06995601170936     
  0.822026654272536     
  0.569542850464197     
  0.326847856147615     
  0.107034092324900     
 -7.882076839128238E-002
 -0.222287066752206     
 -0.318048225289267     
 -0.364170311297258     
 -0.362160655301220     
 -0.316812871602693     
 -0.235848559465089     
 -0.129378263551677     
 -9.215200351027854E-003
  0.111915843879803     
  0.221225703919111     
  0.306711986762144     
  0.357961815555458     
  0.366856723170219     
  0.328136164688281     
  0.239784662730478     
  0.103218262523444     
 -7.674188655210279E-002
 -0.292108119829922     
 -0.532163456093561     
 -0.784071790978193     
  -1.03362494383511     
  -1.26608205369470     
  -1.46705112406518     
  -1.62335983198999     
  -1.72386320756949     
  -1.76013942887721     
  -1.72703154764523     
  -1.62300207091630     
  -1.45027842812840     
  -1.21477978698210     
 -0.925828700107078     
 -0.595663887861629     
 -0.238782321955253     
  0.128851040966623     
  0.490679627708608     
  0.830466331029922     
   1.13318584596851     
   1.38584591885556     
   1.57818941156305     
   1.70323619723393     
   1.75763346094301     
   1.74179440640105     
   1.65981798285094     
   1.51919528866491     
   1.33032099821946     
   1.10583973613078     
  0.859867094585057     
  0.607132370583765     
  0.362094649395290     
  0.138085307431794     
 -5.347173242329495E-002
 -0.203715480506750     
 -0.306840191581235     
 -0.360395542450418     
 -0.365377379706307     
 -0.326104437861453     
 -0.249889388072751     
 -0.146525021135422     
 -2.761754674550640E-002
  9.419176825930142E-002
  0.206068652704533     
  0.295839756961814     
  0.352805916659203     
  0.368464675534501     
  0.337097471415545     
  0.256185068322192     
  0.126625201079599     
 -4.726163799289917E-002
 -0.257939517520006     
 -0.495065826147618     
 -0.746077584738006     
 -0.996920625723921     
  -1.23287823035663     
  -1.43944969244026     
  -1.60322612607673     
  -1.71271084648969     
  -1.75903482877633     
  -1.73652390104153     
  -1.64308308861797     
  -1.48037437104667     
  -1.25377639394784     
 -0.972127658256342     
 -0.647267611728539     
 -0.293402118817857     
  7.366973746507989E-002
  0.437422292423674     
  0.781512568378968     
   1.09067882319411     
   1.35157566661901     
   1.55349681920563     
   1.68894329496949     
   1.75400401294237     
   1.74852703122503     
   1.67607207934016     
   1.54364809237877     
   1.36125224286400     
   1.14123875697993     
  0.897555884710672     
  0.644897165084125     
  0.397818123601150     
  0.169871461306826     
 -2.718746930729110E-002
 -0.184077479049646     
 -0.294510441090215     
 -0.355521692129487     
 -0.367592805441778     
 -0.334560195658679     
 -0.263315985467277     
 -0.163320134359114     
 -4.595424287864516E-002
  7.624298412090265E-002
  0.190411480555853     
  0.284225331749524     
  0.346715425519310     
  0.369008595884278     
  0.344937659056816     
  0.271484543623602     
  0.149028806520829     
 -1.861440336276188E-002
 -0.224370129461678     
 -0.458283386833520     
 -0.708080808853248     
 -0.959880977509876     
  -1.19901118195637     
  -1.41088180994095     
  -1.58186596325794     
  -1.70013142069732     
  -1.75637478055018     
  -1.74441333918972     
  -1.66159866107676     
  -1.50902636653257     
  -1.29152877401385     
  -1.01744995806114     
 -0.698215748152409     
 -0.347723420384054     
  1.841340971586921E-002
  0.383720543748043     
  0.731769448999176     
   1.04708082729332     
   1.31597249241750     
   1.52730186909816     
   1.67305971655524     
   1.74878055789633     
   1.75374623070869     
   1.69097130863503     
   1.56697213909063     
   1.39133411974226     
   1.17610382434439     
  0.935042969027022     
  0.682789361839373     
  0.433975413922028     
  0.202357185946313     
  6.156887300767799E-006
 -0.163388016655908     
 -0.281062295877813     
 -0.349540451942018     
 -0.368787716460146     
 -0.342151418349996     
 -0.276092098162636     
 -0.179722270317492     
 -6.418163646496472E-002
  5.811256041340970E-002
  0.174293806248580     
  0.271902225161742     
  0.339715472704806     
  0.368503469286947     
  0.351660431465643     
  0.285675073641933     
  0.170409634980076     
  9.169947643362542E-003
 -0.191438592812947     
 -0.421861326639624     
 -0.670130560759868     
 -0.922556094554224     
  -1.16452899637258     
  -1.38139063761149     
  -1.55931492024101     
  -1.68615068749123     
  -1.75217354515842     
  -1.75070161058783     
  -1.67853773244400     
  -1.53621100708810     
  -1.32800234131002     
  -1.06175166217901     
 -0.748457382897387     
 -0.401691119158564     
 -3.686167117547734E-002
  0.329628718459490     
  0.681286390917446     
   1.00243366166054     
   1.27906833547425     
   1.49962496425868     
   1.65559333097946     
   1.74195816364367     
   1.75743474807195     
   1.70448727818241     
   1.58912972794175     
   1.42052197418783     
   1.21038606851863     
  0.972278220494251     
  0.720760575149182     
  0.470522735732990     
  0.235505847553286     
  2.808175103866606E-002
 -0.141663747523997     
 -0.266500840632000     
 -0.342445229313864     
 -0.368944459501987     
 -0.348850692542555     
 -0.288182455432967     
 -0.195690687863894     
 -8.225623956683747E-002
  3.984383925703351E-002
  0.157755942446150     
  0.258905023140440     
  0.331832572692331     
  0.366965891376906     
  0.357271230210867     
  0.298750400586575     
  0.190749909982967     
  3.606301860295325E-002
 -0.159182358577711     
 -0.385844011050819     
 -0.632275532469099     
 -0.884996113852030     
  -1.12948025286014     
  -1.35102025326329     
  -1.53560986588942     
  -1.67079599898931     
  -1.74644718988689     
  -1.75539237738627     
  -1.69389115683506     
  -1.56190668025105     
  -1.36316408523650     
  -1.10499009658908     
 -0.797942479071025     
 -0.455250547553556     
 -9.209921076041744E-002
  0.275201638559366     
  0.630113730792123     
  0.956780427853746     
   1.24089673664559     
   1.47048831909775     
   1.63655392261478     
   1.73353380588101     
   1.75957711624119     
   1.71659316383654     
   1.61008441564059     
   1.44877202763392     
   1.24403706688327     
   1.00921150845970     
  0.758761970400939     
  0.507415442279400     
  0.269279593744298     
  5.701042093713882E-002
 -0.118923007044815     
 -0.250832920236199     
 -0.334231161437201     
 -0.368046973510348     
 -0.354631961127745     
 -0.299552823292247     
 -0.211185299203983     
 -0.100134794009227     
  2.148037073153273E-002
  0.140838834702485     
  0.245269330506993     
  0.323094582086703     
  0.364414040418397     
  0.361777222240502     
  0.310706027949097     
  0.210033542765154     
  6.203792175764655E-002
 -0.127637643217559     
 -0.350274924032692     
 -0.594563945412163     
 -0.847251146135777     
  -1.09391395548723     
  -1.31981559025180     
  -1.51078890903681     
  -1.65409626214553     
  -1.73921356301135     
  -1.75849120627248     
  -1.70765170604446     
  -1.58609359274771     
  -1.39698260968170     
  -1.14712390260428     
 -0.846621938896067     
 -0.508347545802733     
 -0.147242961320066     
  0.220494543153837     
  0.578302661744067     
  0.910165473016152     
   1.20149279850144     
   1.43991593447065     
   1.61595318266228     
   1.72350637644170     
   1.76015968240302     
   1.72726374916003     
   1.62980106810760     
   1.47604143846820     
   1.27700891029434     
   1.04579276658513     
  0.796744329457727     
  0.544608083612581     
  0.303639402518856     
  8.676181338412681E-002
 -9.518579069415312E-002
 -0.234067134863838     
 -0.324895126795949     
 -0.366080816821117     
 -0.359470564422958     
 -0.310170057030317     
 -0.226166730580293     
 -0.117774336474723     
  3.065847375185768E-003
  0.123583999583994     
  0.231031716517337     
  0.313530655970298     
  0.360867647157911     
  0.365187285129546     
  0.321539222107623     
  0.228246150204430     
  8.706931125491346E-002
 -9.683938204777265E-002
 -0.315196610825286     
 -0.557043486039566     
 -0.809371208131665     
  -1.05787946611249     
  -1.28782237520679     
  -1.48489134472841     
  -1.63608189676123     
  -1.73049226614120     
  -1.76000555685924     
  -1.71981407473698     
  -1.60875379224445     
  -1.42942817010467     
  -1.18811308714082     
 -0.894447664236548     
 -0.560928529201447     
 -0.202236791875851     
  0.165563019781472     
  0.525905170051461     
  0.862634335647005     
   1.16089314333911     
   1.40793357037034     
   1.59380469808421     
   1.71187668906078     
   1.75917063019146     
   1.73647546264600     
   1.64824591045248     
   1.50228836172971     
   1.30925426889190     
   1.08197206080373     
  0.834658116683099     
  0.582054466729472     
  0.338545132926003     
  0.117304152377783     
 -7.047373057569339E-002
 -0.216213832603411     
 -0.314435754251277     
 -0.363033192090602     
 -0.363343279364484     
 -0.320002152231822     
 -0.240596381963183     
 -0.135132263188523     
 -1.535596151451193E-002
  0.106033461997034     
  0.216229659074410     
  0.303171202442634     
  0.356347962508971     
  0.367511989933451     
  0.331249011455058     
  0.245375070344848     
  0.111133414195952     
 -6.682118447975260E-002
 -0.280650622123626     
 -0.519761242262627     
 -0.771406155061058     
  -1.02142643699361     
  -1.25508706480052     
  -1.45795759896340     
  -1.61678479154841     
  -1.72030462428184     
  -1.75994476759378     
  -1.73037488310907     
  -1.62987118666959     
  -1.46047270843305     
  -1.22791907117883     
 -0.941372615798694     
 -0.612940554584284     
 -0.257024758045632     
  0.110462935278479     
  0.472973970792966     
  0.814233689793908     
   1.11913586918581     
   1.37456871629640     
   1.57012393803851     
   1.69864748261661     
   1.75659999947681     
   1.74420641280981     
   1.66538657521488     
   1.52747200756596     
   1.34072645723842     
   1.11769965721489     
  0.872453545513716     
  0.619707716835581     
  0.373955577360307     
  0.148604279334499     
 -4.481006964549972E-002
 -0.197285099622831     
 -0.302853429673247     
 -0.358892968924686     
 -0.366228356696465     
 -0.329018294206877     
 -0.254436485665131     
 -0.152166394103311     
 -3.374127568677926E-002
  8.822969180833103E-002
  0.200901487675793     
  0.292047835413816     
  0.350877723115039     
  0.368763581672294     
  0.339836183053950     
  0.261409375493045     
  0.134208059448394     
 -3.761529117018936E-002
 -0.246677459720306     
 -0.482763640822860     
 -0.733405613478153     
 -0.984604743118633     
  -1.22165678164025     
  -1.43002917201383     
  -1.59623825830590     
  -1.70867365365766     
  -1.75832003920819     
  -1.73933267701857     
  -1.64943156108175     
  -1.49008988573172     
  -1.26650473635079     
 -0.987350870928081     
 -0.664331385951196     
 -0.311551171651775     
  5.525036627353712E-002
  0.419562442524149     
  0.765011287739825     
   1.07626050384712     
   1.33985055933803     
   1.54492823783203     
   1.68382342184346     
   1.75243970372843     
   1.75043642110150     
   1.68119214880249     
   1.55155269837050     
   1.37137949869837     
   1.15292608982481     
  0.910080645489528     
  0.657520339647995     
  0.409828515416470     
  0.180627695292475     
 -1.821963365163448E-002
 -0.177294747884825     
 -0.290150300107868     
 -0.353650704177001     
 -0.368105556103449     
 -0.337188905764138     
 -0.267650163796458     
 -0.168835036494648     
 -5.204636975871443E-002
  7.021553984637174E-002
  0.185086325175924     
  0.280193325717895     
  0.344481114839200     
  0.368955957473853     
  0.347303276823958     
  0.276339882870312     
  0.156272704186077     
 -9.252533133850549E-003
 -0.213316523682828     
 -0.446096385673579     
 -0.695418914535040     
 -0.947464414352277     
  -1.18757924937263     
  -1.40114858039793     
  -1.57447698427121     
  -1.69562402734022     
  -1.75514441573495     
  -1.74668792558427     
  -1.66742259206302     
  -1.51825511259886     
  -1.30383446959572     
  -1.03233767992649     
 -0.715049559155597     
 -0.365760669989458     
 -1.847059620288132E-005
  0.365724561073383     
