 -0.134256992360988     
  0.240513173006174     
  0.884838979813326     
   1.47073669140066     
   1.98130147848268     
   2.00570504734195     
   1.58204077899105     
   2.17047293761821     
   1.99149229843164     
   1.90717759810761     
   1.24620107785126     
   1.55877467105667     
  0.537395228704656     
   1.08371543927533     
  0.647087479871266     
  0.447880148186465     
 -0.190562315971476     
 -0.606547778867637     
  0.131854298139706     
 -0.749642370879000     
 -0.828642687444612     
 -0.759458609430234     
 -0.221376431755982     
  0.241360061101974     
 -0.494580815346347     
  0.463829879528838     
 -0.239348290892630     
  0.405412287494845     
  0.689478405320505     
 -1.081719397995638E-002
  0.848227144078960     
  0.568405080810405     
 -0.303033374710896     
 -0.311907677384824     
  0.314126439912436     
 -0.156123970526053     
 -0.939533919865541     
 -0.750775531976847     
  -1.11389601414709     
  -1.39130602831808     
  -1.21231840132062     
  -2.15576688856538     
  -1.26105164574930     
  -1.66667066471047     
  -1.41676072822617     
  -1.60012005758772     
  -1.13035730971510     
 -0.781748911517621     
 -0.826326510267208     
 -0.710827068028173     
  0.175843333320072     
  0.477264032906201     
  0.886388516902832     
  0.698806645997860     
   1.07474358820989     
   1.25306914462744     
   1.90172120633804     
   1.78912450525283     
   1.89504478500223     
   1.83968813735440     
   1.59102944299078     
   1.40073372096474     
  0.844183022851477     
   1.01951380354179     
  0.427575398838780     
  0.950681296940387     
  0.335918915425704     
 -0.444751768691250     
 -0.319857775641123     
 -0.208101166239685     
 -0.163550084906871     
 -0.851880062256035     
 -0.585223778475372     
 -0.331171630269247     
  0.136543339726541     
 -0.359282621088182     
  0.157250635709596     
 -0.302382552001740     
  0.277654449520656     
  0.638699382878401     
  0.198012554360196     
  0.750822588354313     
  0.505672720744205     
  0.443324275695548     
 -0.196109056255942     
  2.270625086081668E-002
 -0.218969321235124     
 -0.184250076617115     
 -0.401183220586819     
  -1.11673554401030     
  -1.41091532123197     
  -1.71034814662348     
  -1.56169678474693     
  -2.07549555717020     
  -1.33014536838669     
  -1.66308675869952     
  -1.53234119592253     
  -1.30970932145432     
  -1.24943334218906     
 -0.826158618439290     
 -0.780363395212506     
 -7.694886779013643E-003
  0.396069547159644     
  0.590704232335386     
   1.18795376658589     
   1.38871905898330     
   1.93533468629142     
   2.01912732385592     
   2.01426726202737     
   2.23771973740887     
   1.86435300051397     
   1.42426543230746     
   1.19566040567458     
   1.03857953891862     
   1.46081808408558     
  0.491540042419014     
  0.696116803070889     
  0.328756773130973     
 -0.176634699555424     
 -0.438956222049738     
  9.847748239135290E-002
  3.557448026794463E-002
 -0.411518828199375     
 -0.248480680716797     
 -0.173142436229648     
 -0.526160149637817     
 -0.515486086966728     
  0.222077378755746     
 -0.108201279242517     
  3.528708496962030E-002
  0.198905967823759     
  1.815259224826940E-002
  0.731434225568432     
  0.776864865104814     
 -9.472302669075627E-002
  0.242627972578764     
 -0.415800236735313     
  0.121664543837530     
 -0.480407511643149     
 -0.598003234615652     
 -0.658623122157415     
  -1.45614207972031     
  -1.02436880726977     
  -1.37478194319071     
  -1.66720496697112     
  -2.07713873301399     
  -1.57921204644687     
  -1.28451312789316     
  -1.75320852320194     
  -1.06199504198281     
 -0.703953538021172     
 -0.648995252340617     
  0.151925171775467     
  0.247047732957641     
   1.04313240457768     
   1.32344790673875     
   1.50023206014919     
  0.983471117243284     
   1.30998650572121     
   1.85111950230010     
   1.36499932510851     
   1.39422889195817     
   1.65465570123565     
   1.19406863170294     
   1.05520062974844     
  0.627351923764383     
  0.329734155848397     
  0.862402638046685     
  0.356614511166117     
  0.537903909622461     
  0.132274909069820     
 -0.187785162130227     
 -4.642376315271912E-002
 -0.822084702705514     
 -0.609402038828275     
 -0.198640598579418     
 -0.373524916026659     
 -0.401737824945247     
  0.407957903109554     
 -0.178650464125952     
  0.681400060248654     
  0.676011377727017     
  0.552876008084425     
  0.104636387678155     
  0.203602275940703     
  0.640105739922314     
 -1.535728793474656E-002
 -4.363422116498228E-002
 -7.759667526743974E-002
 -0.141720991555818     
 -0.966244979378096     
  -1.39196839575143     
 -0.946701883976617     
  -1.35790964856167     
  -1.33529848562405     
  -2.17643186847764     
  -1.52107118505724     
  -1.62170972191474     
  -1.16976223063788     
  -1.73185201520995     
 -0.811484291796011     
 -0.931633030823347     
 -0.739190091323764     
  0.160228865366711     
  0.292338884807702     
  0.512109551335599     
  0.962554952764540     
   1.20688443959119     
   1.21215803308890     
   1.95664555469982     
   1.41725512441312     
   1.39043509612838     
   1.49862970158240     
   1.84115155731739     
   1.25147516818938     
   1.66871722698059     
   1.26921139370628     
  0.505729206892569     
  0.442717042943414     
  0.464468305348535     
  4.450020736115662E-002
  0.233190561687607     
 -0.308620690320190     
 -0.266088906936745     
 -0.519322110708278     
 -9.652797406667024E-002
 -0.620258128899705     
  1.611140062515237E-002
 -0.105388056086028     
 -6.725725889187922E-002
 -0.200901330283310     
  0.463748789775426     
  9.245643436739470E-002
  5.703595961544672E-002
  0.502113989024368     
  0.164008830241452     
  0.515552667955206     
  4.579820994315464E-002
 -0.484205476827538     
 -8.562796407146622E-002
 -3.666162808662832E-002
 -0.446679209295230     
  -1.34997831041493     
  -1.54369859814966     
  -1.50636430365432     
  -1.21799243445262     
  -1.42404976740287     
  -1.32589486278630     
  -2.19212529750790     
  -1.90527892745898     
  -1.50737526435950     
  -1.43993516025247     
  -1.04566624794608     
 -0.560705109653755     
  0.104774844117456     
  0.479206887681445     
  0.656360507310735     
  0.595049113887734     
   1.12039337525472     
   1.43296592661307     
   1.52585895998576     
   1.82865034245523     
   1.84451897543999     
   1.89036734119859     
   1.52085485941000     
   1.59245507215967     
   1.61845747538697     
   1.29398425679696     
  0.388796384982090     
  0.559481863758833     
  0.852712549026146     
 -0.273416748924764     
  0.199399997438401     
 -0.352978742992293     
 -0.732105367018671     
 -2.823004193945167E-002
 -0.452729339824032     
 -0.777106939633340     
  0.144262408665955     
 -0.354622573979911     
 -0.420984638964531     
 -1.705535684605985E-002
  0.643991559176353     
  0.196357369446185     
  0.446981554278961     
  0.607842109826818     
  0.820350551719928     
 -4.114699836962721E-003
  5.715505006090138E-003
 -0.220303712244215     
  0.229119087676106     
 -0.496731714183904     
 -0.809760930062023     
  -1.26183116473265     
 -0.815165482913777     
  -1.85928824319985     
  -1.24467646020007     
  -1.88115788287350     
  -1.90828385358132     
  -1.97205129626908     
  -1.18152505104509     
  -1.05576348944429     
 -0.905356611769738     
  -1.02834087810607     
 -0.784184191494378     
 -9.019147361511548E-002
  6.697634832211175E-002
  0.467684885503837     
  0.360571015006126     
  0.661826712345741     
   1.28457175522857     
   1.70222702213541     
   1.80680786787756     
   1.32863807873963     
   2.11612067780290     
   1.92040046071201     
   1.85257235438605     
   1.13331770452747     
   1.55981454040120     
  0.507015820437751     
  0.941814694081029     
 -3.495387436396230E-002
  0.150676338083730     
 -0.139342620348467     
  0.218622625705139     
 -0.484848840873863     
 -0.624689338973483     
 -0.825047758252646     
  2.873025062172685E-002
 -6.259572281519521E-005
 -7.750103998200741E-002
  0.365676383892096     
 -0.371382177018942     
  0.422444735217907     
 -7.427558812181426E-002
  0.388466226891885     
  1.884229171559038E-002
 -0.116411431462946     
  0.114999681563471     
 -0.223621188770596     
 -0.217262186154443     
 -0.259102612545482     
 -0.818110595488062     
 -0.775147217297526     
  -1.28779069931651     
  -1.61202504215929     
  -1.68251308714073     
  -1.20144443613337     
  -2.12383538465223     
  -1.76671134575717     
  -1.27642950345793     
  -1.77168724520120     
  -1.82344314994829     
 -0.897250816434474     
 -0.655487653989360     
 -0.670324345126536     
 -0.471538272964685     
  0.222817072494792     
 -4.892157219377474E-002
   1.16922349277901     
  0.680785510680508     
   1.19851121204725     
   1.49826321389718     
   1.53389626418897     
   2.06867944253402     
   1.50904196257718     
   2.14826174230341     
   1.59374749592265     
   1.64499553105542     
   1.33806916293949     
  0.491873885657300     
  0.348763056784238     
  0.899104867115603     
 -7.299211849780141E-002
  0.375674845061575     
 -0.423002790471648     
 -0.178863412406293     
  2.011649336266297E-003
 -0.312884823050029     
 -0.151796736427610     
 -0.527873044254821     
 -4.620698326981243E-002
  0.309925970178001     
  0.478025608099127     
 -0.236699500587904     
  0.586000915916069     
  0.690381371609495     
  0.362044475484985     
  0.548052725277296     
  0.352525109317712     
  0.482323033026916     
  0.199033730050982     
 -0.188979473864436     
 -8.955916631196270E-002
 -0.332080302155886     
  -1.16448512172512     
  -1.53987022361854     
  -1.15302022613880     
  -1.48745430881823     
  -1.82703087515212     
  -1.89362824897407     
  -2.03945808551417     
  -1.92919664950354     
  -1.18780150283261     
  -1.63082828791964     
  -1.40418154030222     
  -1.05365091331326     
 -0.576691883455559     
  0.160369693970174     
  0.117901927150924     
  0.845636558614646     
  0.875239051844474     
   1.19476101521703     
   1.32346903873120     
   1.97092232351014     
   1.99882481774647     
   1.92377139890960     
   2.09134815239715     
   1.94781283602843     
   1.92710438181341     
   1.38797244783329     
   1.34728129771321     
   1.14947978686588     
  0.841432636775736     
 -3.542497086864119E-002
  0.189306229357381     
 -0.489620794402730     
 -0.563482604577640     
  0.129607143038338     
 -0.507829558776190     
 -0.691502110105057     
 -0.778969464198821     
 -0.208499500937747     
  0.377259739995424     
  0.163804935144201     
  0.530313106901298     
  0.596584932164973     
  0.452400476721279     
 -7.503494812061164E-002
  0.188324522139595     
  0.108600964134185     
 -0.172487132202691     
  0.459830468926481     
 -0.385010924863898     
 -0.696994844791811     
 -0.829691777571557     
 -0.373234699445562     
  -1.02940220802334     
  -1.27760736194148     
  -1.42790005547060     
  -1.39424077436042     
  -1.39171971283025     
  -1.62413933383212     
  -1.62801097980630     
  -1.93684028478959     
 -0.996346543044314     
  -1.54304221813859     
 -0.367558371018809     
 -0.610758724351894     
  0.336013686434672     
 -6.967886100221904E-002
  0.727294544676799     
  0.877721530283628     
   1.17249025872897     
   1.86284597736641     
   1.71963128658938     
   1.27231137469802     
   1.35028399743929     
   1.71923675815064     
   1.72859969786828     
   1.04335871282985     
   1.23943674740697     
   1.36491564794139     
  0.403296378168923     
  8.031434564507586E-002
  0.491839564780910     
  0.481407944449048     
 -0.287731463161580     
 -0.680938838108927     
 -0.729093335276364     
  9.550356054914477E-002
 -0.777918411037407     
 -0.434035912993367     
  8.974591690668987E-002
  0.290619544164163     
 -3.737527096307791E-002
  0.456629446101064     
  5.664723292797136E-002
  9.515163339697547E-002
  0.209893313278556     
  4.740159475328176E-002
  0.124114162497474     
 -0.118490897247877     
  0.433330661947232     
  0.259775494071737     
 -0.254648877486331     
 -0.697384089318727     
  -1.18218791215523     
 -0.590017984237166     
  -1.28177397332651     
  -1.46035547329130     
  -2.00273443770486     
  -1.76387128911323     
  -1.96073654190314     
  -1.32965070087503     
  -1.37763292209069     
  -1.15035509104902     
  -1.41732051114188     
  -1.04514225153879     
 -0.345008625389460     
 -0.514804674363342     
  1.666844759723207E-002
  0.702561996727075     
  0.917917332756654     
   1.10084618901720     
   1.74875962957974     
   2.02214848570754     
   2.18304578215440     
   1.79991255575770     
   1.96862846091236     
   2.10479747830154     
   1.53926054892242     
   1.00764119119561     
   1.25503792681596     
  0.892378913588058     
  0.803367214548514     
 -5.020187240483630E-002
 -4.636168735679175E-002
  0.208458590635875     
 -0.227547318190043     
  9.575149632926383E-003
 -0.773618817283331     
 -4.973843389870169E-003
 -0.504674317180613     
 -0.347009740213089     
 -0.232774777651097     
 -0.124004767427217     
  6.862049899245215E-002
  0.500346370464579     
  0.559452355466888     
  0.807756127904286     
  0.228064984488119     
 -0.155757272916578     
  0.644506879223642     
  0.257801890645024     
  9.603314925849593E-002
 -0.716475906946717     
 -0.870273565064859     
 -0.691564814476600     
  -1.14735068903189     
  -1.19457192754245     
  -1.44696837919902     
  -1.55128063372885     
  -1.24628471841576     
  -1.49312588456912     
  -1.37608605149105     
  -1.89417870087219     
 -0.988636289124055     
  -1.40640395006772     
  -1.16212755903343     
 -0.552860844297659     
 -0.508659742898288     
  0.346586140110661     
  0.955870606914253     
  0.938809419893880     
   1.20625031929132     
   1.52876941721809     
   1.86525493891861     
   1.42100434273102     
   1.82041168603530     
   1.35932930322112     
   2.09737297823694     
   1.82762281607970     
   1.10848596036031     
   1.14540741011162     
   1.08762953753326     
  0.679381456990392     
  0.359091823384834     
  0.529493711194275     
  0.228664143230901     
 -0.597313670529311     
 -0.248835167167459     
 -0.140179185665201     
 -0.763354459589549     
 -0.766985286410235     
 -0.125612763516348     
 -0.131641148657559     
  9.768395038171385E-002
  0.333238537391660     
 -7.872417367017587E-002
  7.402398770183677E-002
  0.239975302877223     
 -0.126334602470497     
  0.688092934424822     
  0.597278159380229     
 -0.269784066570754     
  0.273402603338012     
 -0.347127922870330     
 -0.397796264648302     
 -0.598195704302865     
  -1.42389383487812     
  -1.40224066542548     
 -0.983784998488884     
  -1.54459228567420     
  -1.56781447714784     
  -1.83092969733789     
  -1.27255639429699     
  -2.02496906652708     
  -1.20202027707403     
 -0.912846165603177     
 -0.837577850528665     
 -0.634968936686249     
 -7.526360750576955E-002
 -0.277185193153079     
 -4.800063907654766E-002
  0.658614110832077     
  0.951035651219803     
   1.61608004434122     
   1.20812301040037     
   1.68603634582792     
   2.22701480380540     
   2.02510829113943     
   1.55898713730282     
   1.92657870179923     
   1.77546925845658     
   1.62729100272650     
  0.844694666838802     
  0.893965787408196     
  9.355109229162964E-002
  0.391182345212295     
 -0.404550329010819     
 -0.200998062809198     
 -0.446339346380886     
 -0.277821812430805     
 -0.174439105619957     
 -0.226758590333890     
 -0.234670408122759     
 -2.225141847640777E-003
 -2.728629207766486E-002
  0.174157945670714     
 -6.703535723398324E-002
  0.347895275890557     
  0.831619268063876     
  0.545817509368845     
  0.640170090365533     
  0.744867357357388     
  0.131604764658674     
  3.449230975250750E-002
  0.124855510921021     
 -0.602154624696867     
 -0.697210728214592     
 -0.921779569000982     
  -1.38645546159391     
  -1.07567536463789     
  -1.69071181638916     
  -1.84233261830435     
  -1.91923718775363     
  -1.54523617999299     
  -1.32817470485345     
  -1.27619279419942     
  -1.05396016520583     
 -0.568466059365755     
  -1.15147139269864     
 -0.493742339412214     
  0.224573963923565     
  0.729435292531895     
  0.837780610352125     
  0.781523605191312     
  0.937230608421999     
   1.22963555885781     
   1.45590347399545     
   2.13822415639897     
   2.04353052159781     
   1.57824729403916     
   2.00872641970302     
   1.34362822095676     
   1.66953507837444     
   1.02227442016712     
  0.853992681778357     
  7.321383565052023E-002
  0.650441694288599     
 -0.132515129144075     
  0.201767523070100     
  6.942700074270614E-002
 -0.488659043416891     
 -0.808268009003834     
 -0.770991685799345     
  0.144334580325518     
 -0.451816199028974     
 -0.535838138498922     
 -0.387621765097700     
 -0.294340122243100     
 -0.152450417252406     
  0.291756465113555     
  0.381601800740857     
  0.425444213670079     
 -0.125182684574119     
  0.292473719202358     
  5.180608329419345E-002
  5.057965610624060E-002
 -0.877263969225532     
 -0.587632681124178     
  -1.21120964430901     
 -0.840005825854602     
  -1.49577995156593     
  -1.49026301127420     
  -1.79924996828884     
  -1.52156312651188     
  -1.96429603822536     
  -2.16341203390100     
  -1.33032581936525     
  -1.68896133948607     
  -1.49731672196150     
  -1.22593463448928     
  9.242636410526239E-002
  0.101714592981939     
  0.596018938788267     
  0.228087988252885     
  0.592456830792471     
   1.68329844901575     
   1.32859227333233     
   2.03059286269881     
   1.73226094739541     
   1.95575582621098     
   2.04030166434356     
   1.17557147734479     
   1.32688642513659     
   1.34351621741746     
  0.833026879691322     
  0.807847792356440     
  0.285079065587422     
  0.371822529340152     
  0.234581352777409     
  4.847158027966314E-004
 -0.725851958608404     
 -0.715871134553261     
 -0.272793155688726     
 -0.393765163210381     
  8.078655329513174E-002
 -0.441823031601885     
  0.204229893831333     
  0.535544528585195     
 -0.174004727006760     
  0.403516824064383     
  0.601447112927113     
  0.182739814252793     
  0.460601461148704     
  9.721882942269333E-002
 -0.102909693454939     
  0.494323760829643     
 -7.110024947148330E-002
 -0.829130728538025     
 -0.692072400166941     
 -0.555394822510274     
  -1.14524212507337     
 -0.938120514342212     
  -1.06892189827586     
  -1.45765258295283     
  -1.99302635520551     
  -2.14725291592488     
  -1.88939902228921     
  -1.44877196914732     
  -1.47494767167972     
 -0.839856256540221     
  -1.19432773489615     
 -0.944005040292833     
  0.395699339388483     
  0.457560967984416     
  0.136002764923929     
   1.41751294546045     
   1.06304441680457     
   1.27958287769485     
   1.62815766719720     
   1.41615808797430     
   2.22620843336294     
   1.39104687349690     
   1.32858824173949     
   1.49107846297310     
   1.26627987857365     
   1.05029481033920     
  0.773157232852593     
  0.608637799109145     
 -2.562152187369379E-002
  0.509636806650712     
 -0.330101106059676     
 -0.663293043685349     
 -0.599655184382331     
 -0.170043370676720     
 -6.715817034465033E-002
 -0.602042183253882     
 -0.426132634984826     
  0.389669077658402     
  0.181571559983628     
  0.139756158895293     
  0.257921781016109     
  0.512367222633566     
  0.468189148800913     
 -6.771393214650834E-002
  0.216002956408055     
 -0.255423487836574     
  0.434515516129807     
 -0.334183081395612     
 -0.282788552543293     
 -0.285077697903223     
 -0.401465086584924     
  -1.42081014812645     
 -0.992862955737043     
  -1.47173562502339     
  -2.13334325068232     
  -1.89473152890136     
  -1.91732889489418     
  -1.39929508254839     
  -1.81870046439342     
  -1.21677546017534     
 -0.711540199605763     
 -0.400868946420195     
 -9.931713102605089E-002
  0.171618325582364     
 -0.154929217190913     
  0.484939715477828     
  0.585665055640897     
   1.63788272466731     
   1.31111690556744     
   1.93602104736798     
   1.97490700450788     
   2.16327959792435     
   1.58686689504916     
   1.54110127697444     
   1.73278086502278     
   1.54829844961268     
  0.678523696363146     
  0.766858973124500     
  0.715901320887058     
  0.259514861063634     
  0.554195862144758     
 -0.529755141807738     
 -0.397763100018940     
 -0.578019090520556     
 -0.111221044234352     
 -0.580079043883529     
  0.165385298128411     
 -0.162642659499896     
  0.347593601943344     
  0.171455136462376     
  0.174894392081744     
  6.050970330647204E-002
  0.285893896591758     
  1.737470117721085E-002
  0.556550659723160     
 -1.273206539745417E-002
  0.179257576642062     
  0.577284626351132     
 -0.121089376039462     
 -0.425140326608689     
 -7.237365879023139E-002
 -0.487387189062367     
 -0.603747478188164     
  -1.66445298157572     
  -1.58605359120285     
  -1.33517828444333     
  -1.72460234236347     
  -1.47841884769010     
  -2.08347964357096     
  -2.03692317539702     
  -1.55699548434166     
  -1.32843332413441     
 -0.445731477951123     
 -0.948989183475242     
 -0.513536595524221     
  0.609619788797122     
  6.343144098012957E-002
  0.552312527842788     
  0.927737874946494     
   1.84456412980992     
   1.64519762113216     
   1.61344635779216     
   2.22183254743193     
   1.90391543131225     
   1.64229924258502     
   1.69194497774173     
   1.13137721871026     
   1.08775276837881     
  0.986547318593604     
  0.536589654713120     
  7.345309675015316E-003
  0.432002032791779     
 -0.540741229195891     
 -0.170938223897857     
 -0.684209944462390     
 -0.587097940147536     
 -0.704306655343535     
  3.264454669892836E-002
  0.158416229943825     
 -0.628686150054758     
 -0.212551288545754     
 -0.116517536173284     
  2.798823526799155E-002
  0.682613469447308     
 -0.136499154337622     
  0.509631192035115     
  0.803315514298878     
  0.649641468680953     
  0.500926796051046     
 -0.237218216524464     
  8.867023702746013E-002
 -0.971643435551387     
  -1.20248071900639     
  -1.46516827600856     
  -1.17900693859375     
  -1.89806511539983     
  -1.35892301973284     
  -1.87912390391514     
  -1.47048142677472     
  -1.93833805134683     
  -1.86584952626259     
  -1.07638470761607     
  -1.46939155713145     
 -0.608127625788032     
  -1.10357120231232     
  4.178445034875888E-002
  0.452032377363190     
  0.482418322707663     
   1.18679245032864     
   1.41559164443311     
   1.49917668494887     
   1.87341014135181     
   1.73197733888801     
   1.63777455843664     
   1.25791482227436     
   1.68025572720755     
   1.24883034165999     
  0.919536084895628     
   1.23898962934214     
  0.571368005842929     
  0.948004132066396     
  0.156185179692308     
 -2.596296996090358E-002
 -0.195025767710892     
 -0.478380464402581     
 -0.296881145777355     
 -0.745743708466295     
 -0.263048132029014     
  5.953923232167269E-002
 -0.697347701791631     
  2.281936363400972E-002
  0.305285969989977     
  0.537850478731204     
 -7.284473819927859E-002
  0.584649506656501     
  0.585290401830381     
  0.467475949092634     
 -0.110398033476815     
 -0.235706708137720     
  0.198304699288425     
 -0.169831577428210     
 -0.582212423020977     
 -0.585831126559887     
 -0.465738663936060     
 -0.590865677978233     
  -1.05824836001314     
  -1.49899882517061     
  -2.03590447823309     
  -1.57106756689107     
  -1.63235772119067     
  -2.10023914627102     
  -1.91824955738508     
  -1.82731209500830     
  -1.73802737426352     
  -1.09593145357723     
 -0.475581658370628     
 -0.283686558142741     
  0.236876009989813     
  0.267245186580616     
  0.787585207901652     
   1.39217790046376     
  0.870744878225066     
   1.78853923654401     
   1.25107323017179     
   1.49862784882484     
   1.64627708160578     
   2.03010018861690     
   1.24294714491324     
   1.83778689839031     
   1.58053601770578     
   1.06764158208050     
  0.758640325030624     
  0.679580304664506     
  0.344614529728607     
 -0.263601844523533     
 -9.988072322623531E-002
  0.183763575199402     
 -0.554510224562537     
  7.763378690822853E-002
 -0.406804447915788     
  0.129045336545304     
  3.602133078083736E-002
 -0.439667104483752     
  0.312134036197627     
  0.355432955903545     
  7.546329142333114E-002
  0.503518774258062     
  0.140668299329854     
  0.518757032672797     
  0.340559453569768     
  0.376902326998234     
  0.124369701952843     
 -0.613874921577304     
 -0.549921135879596     
 -0.863100252685521     
  -1.44709615355921     
 -0.945376272147796     
  -1.87899806301117     
  -2.00700649206517     
  -1.70510824964158     
  -1.48554972617597     
  -1.99212164651283     
  -1.66615843128117     
  -1.60430456027977     
  -1.06735594689608     
  -1.33948149833066     
 -0.242846517897676     
 -0.832423515641236     
  0.278478788616578     
 -4.823897877234654E-002
