   1.57448445446282     
 -0.347300968417704     
  0.368105099312586     
  -1.37136939819078     
 -0.419580363617425     
   1.70867777837081     
 -0.261404201695792     
  0.329015421166981     
  -1.11768780019295     
 -0.814250002261443     
   1.75994504978022     
 -0.111125537508195     
  0.240591656839818     
 -0.834645465203936     
  -1.16090690476012     
   1.71981027816519     
  9.684954449529215E-002
  0.117768487090953     
 -0.544595611136781     
  -1.43992638685998     
   1.58608576499493     
  0.350286729421848     
 -2.148651764220478E-002
 -0.269268208539310     
  -1.63656054588783     
   1.36315255896589     
  0.632288160018248     
 -0.157761534024188     
 -2.807222576740687E-002
  -1.74196071070496     
   1.06173703449986     
  0.922568608303257     
 -0.271906457328194     
  0.163395103609752     
  -1.75374474150475     
  0.698198839585895     
   1.19902260368068     
 -0.346717613919791     
  0.294514747959711     
  -1.67606687287258     
  0.293383914996062     
   1.43945907893758     
 -0.368464316752216     
  0.360396986798549     
  -1.51918693369291     
 -0.128869460379894     
   1.62336635061774     
 -0.328132982733726     
  0.362159415396331     
  -1.29857512148039     
 -0.543456305195984     
   1.73356737583713     
 -0.222287066752206     
  0.306711986762144     
  -1.03362494383511     
 -0.925828700107078     
   1.75763346094301     
 -5.347173242329495E-002
  0.206068652704533     
 -0.746077584738006     
  -1.25377639394784     
   1.68894329496949     
  0.169871461306826     
  7.624298412090265E-002
 -0.458283386833520     
  -1.50902636653257     
   1.52730186909816     
  0.433975413922028     
 -6.418163646496472E-002
 -0.191438592812947     
  -1.67853773244400     
   1.27906833547425     
  0.720760575149182     
 -0.195690687863894     
  3.606301860295325E-002
  -1.75539237738627     
  0.956780427853746     
   1.00921150845970     
 -0.299552823292247     
  0.210033542765154     
  -1.73921356301135     
  0.578302661744067     
   1.27700891029434     
 -0.359470564422958     
  0.321539222107623     
  -1.63608189676123     
  0.165563019781472     
   1.50228836172971     
 -0.363033192090602     
  0.367511989933451     
  -1.45795759896340     
 -0.257024758045632     
   1.66538657521488     
 -0.302853429673247     
  0.350877723115039     
  -1.22165678164025     
 -0.664331385951196     
   1.75043642110150     
 -0.177294747884825     
  0.280193325717895     
 -0.947464414352277     
  -1.03233767992649     
   1.74668354492616     
  9.271199174380240E-003
  0.168824028444305     
 -0.657495027764664     
  -1.33987420582097     
   1.64941901208216     
  0.246699963118583     
  3.372901111426369E-002
 -0.373931754161181     
  -1.57014027125711     
   1.46045243584331     
  0.519786067238236     
 -0.106045279940109     
 -0.117283484809585     
  -1.71188499543737     
   1.18808608585766     
  0.809396556410144     
 -0.231041423895829     
  9.520198176024497E-002
  -1.76015981666168     
  0.846589687277165     
   1.09393788550070     
 -0.323100700601219     
  0.250843758406628     
  -1.71658555029507     
  0.455214903395915     
   1.35104083274094     
 -0.366967259699175     
  0.342450344047396     
  -1.58911531820062     
  3.682473834136742E-002
   1.55933038011779     
 -0.351656310794858     
  0.368787262710029     
  -1.39131431029826     
 -0.383756567759232     
   1.70014029812311     
 -0.271474688825379     
  0.334554830419059     
  -1.14121527343537     
 -0.781545552113402     
   1.75903608783111     
 -0.126609891516589     
  0.249880205911433     
 -0.859841851734277     
  -1.13321387858391     
   1.72702466809471     
  7.676185916948830E-002
  0.129366696487576     
 -0.569517799413643     
  -1.41877447808345     
   1.60135359047609     
  0.326859549166031     
 -9.221355384958890E-003
 -0.292096607093427     
  -1.62300904082491     
   1.38583469386931     
  0.607144962645079     
 -0.146530694081403     
 -4.725192501119990E-002
  -1.73652680487374     
   1.09066443532749     
  0.897568447078785     
 -0.263320365094466     
  0.149036122539915     
  -1.75637363330878     
  0.731752701451113     
   1.17611537942229     
 -0.342153807294435     
  0.285679629169798     
  -1.68614578479592     
  0.329610585185913     
   1.42053157266547     
 -0.368944336537276     
  0.357272919908522     
  -1.53560175645912     
 -9.211765522218990E-002
   1.61009121242760     
 -0.334228229414459     
  0.364413020391305     
  -1.31980502920802     
 -0.508365204298996     
   1.72726707206882     
 -0.234061350387747     
  0.313527325611062     
  -1.05786735287007     
 -0.894463496715165     
   1.75917003589172     
 -7.046531294175951E-002
  0.216224623048163     
 -0.771393460775737     
  -1.22793216998302     
   1.69864279537137     
  0.148614860759694     
  8.822370532155190E-002
 -0.482751331173081     
  -1.49009954064303     
   1.54491956787229     
  0.409840574466249     
 -5.205246793089800E-002
 -0.213305483112511     
  -1.66742834007367     
   1.30379769000565     
  0.695456969724791     
 -0.185102409155007     
  1.824674371137414E-002
  -1.75244467225812     
  0.987305270615420     
  0.984641821701055     
 -0.292059357316538     
  0.197304608106021     
  -1.74419941148179     
  0.612888719244463     
   1.25512023511658     
 -0.356352972984395     
  0.314446801378538     
  -1.64822806876043     
  0.202181758904816     
   1.48491783054085     
 -0.365184412178024     
  0.366083327226705     
  -1.47601460822248     
 -0.220549504131808     
   1.65411366568519     
 -0.310694605130726     
  0.354626633885717     
  -1.24400366666738     
 -0.630165355385247     
   1.74645368790859     
 -0.190730047077260     
  0.288170690732469     
 -0.972241038087846     
  -1.00247892776526     
   1.75069610777209     
 -9.142537802252937E-003
  0.179706038957639     
 -0.682751330390042     
  -1.31600883850616     
   1.66158088843747     
  0.224403466950722     
  4.593590931958052E-002
 -0.397782089348097     
  -1.55352232696213     
   1.48034492131152     
  0.495102863220265     
 -9.420965484675821E-002
 -0.138053807393710     
  -1.70324972446420     
   1.21474008386056     
  0.784109859188122     
 -0.221240633608999     
  7.884570120447609E-002
  -1.75967698479744     
  0.878550434042933     
   1.06998014283575     
 -0.316819353432212     
  0.239795988296538     
  -1.72385623667567     
  0.490644197420589     
   1.33034194242054     
 -0.365379196801211     
  0.337103084881281     
  -1.60321225720164     
  7.363282968456765E-002
   1.54366406049453     
 -0.355518065605214     
  0.369008606853177     
  -1.41086240509099     
 -0.347759609978906     
   1.69098080602306     
 -0.281052935869890     
  0.339710496539852     
  -1.16450575782753     
 -0.748490710822922     
   1.75743669767409     
 -0.141648887675984     
  0.258896119893231     
 -0.884970945926487     
  -1.10501862705366     
   1.73352764008108     
  5.703003186854072E-002
  0.140827411800590     
 -0.594538802228184     
  -1.39700475399803     
   1.61593889652268     
  0.303662551477819     
  3.053534047877188E-003
 -0.315173342191310     
  -1.60876842138165     
   1.40791173186209     
  0.582079565735375     
 -0.135143759510053     
 -6.680139207990199E-002
  -1.73038140472860     
   1.11910758540517     
  0.872478752644697     
 -0.254445529299988     
  0.134223144208456     
  -1.75831843332313     
  0.764978129565392     
   1.15294945231577     
 -0.337194076905823     
  0.276349489771826     
  -1.69561483799596     
  0.365688451991226     
   1.40118779713826     
 -0.368956400533846     
  0.353658449870442     
  -1.55152126654702     
 -5.532421101031788E-002
   1.59626653845928     
 -0.339825454107295     
  0.366225168934668     
  -1.34068492944620     
 -0.473045048791139     
   1.72031920919662     
 -0.245352904884706     
  0.319989548918935     
  -1.08192399558115     
 -0.862698454455917     
   1.76000458635811     
 -8.703649585242779E-002
  0.226147066809972     
 -0.796693598633449     
  -1.20154627037033     
   1.70763437994299     
  0.127679313938116     
  0.100111048312380     
 -0.507365922755974     
  -1.47052822556840     
   1.56187333928158     
  0.385891860627927     
 -3.986832936569567E-002
 -0.235461116798388     
  -1.65561772797256     
   1.32795446068604     
  0.670181230613303     
 -0.174315637892476     
  3.078377988707803E-005
  -1.74878860555318     
   1.01739005378237     
  0.959930684575469     
 -0.284241335621013     
  0.184104431574133     
  -1.74851903869447     
  0.647199066592513     
   1.23292306238107     
 -0.352813436976545     
  0.306855920897768     
  -1.65979536490393     
  0.238709144562533     
   1.46708734923936     
 -0.366853855890750     
  0.364174625290662     
  -1.49361778242147     
 -0.183974607179159     
   1.64225721337869     
 -0.318037552489253     
  0.357957123183562     
  -1.26604911762391     
 -0.595715927346617     
   1.74180190687599     
 -0.203696326655478     
  0.295828480585279     
 -0.996883656109965     
 -0.972173586537701     
   1.75399957597644     
 -2.716066084192015E-002
  0.190395547830811     
 -0.708042735432023     
  -1.29156598167508     
   1.67304299900856     
  0.202390088997892     
  5.809430953220515E-002
 -0.421825012291245     
  -1.53623751384806     
   1.49959648424486     
  0.470559552181405     
 -8.227426669148044E-002
 -0.159150375429000     
  -1.69390574924503     
   1.24085784853574     
  0.758800062326015     
 -0.211200580305088     
  6.206349016136747E-002
  -1.75849351623613     
  0.910118278054600     
   1.04582924289888     
 -0.310180311256992     
  0.228263865095374     
  -1.73048278438354     
  0.525852369311653     
   1.30928621200504     
 -0.363346669438043     
  0.331258181200242     
  -1.61676481527917     
  0.110407636229242     
   1.52749670523598     
 -0.358888267226538     
  0.368764302409855     
  -1.43000069120256     
 -0.311605680045489     
   1.68120731276926     
 -0.290137005122958     
  0.344474246454384     
  -1.18754478086956     
 -0.715100045392114     
   1.75515100659501     
 -0.156236693930979     
  0.267628630287326     
 -0.910017950306406     
  -1.07633304536357     
   1.73931904812791     
  3.766339053551926E-002
  0.152138228544660     
 -0.619644663557995     
  -1.37462559571073     
   1.62983720074656     
  0.280707871321165     
  1.532520255528390E-002
 -0.338486383602852     
  -1.59384298383813     
   1.42937512430725     
  0.557105985612645     
 -0.123613085504054     
 -8.671143925461455E-002
  -1.72352446590855     
   1.14705445351968     
  0.847314332897761     
 -0.245292623863652     
  0.118961836675145     
  -1.75957483425115     
  0.797860462938736     
   1.12953925390274     
 -0.331846463650653     
  0.266526093258085     
  -1.70446586582563     
  0.401601280965032     
   1.38144065395518     
 -0.368505179056037     
  0.349551372176242     
  -1.56693413418683     
 -1.850575745184622E-002
   1.58190265278121     
 -0.344925493645286     
  0.367589950067806     
  -1.36120126199640     
 -0.437511654815503     
   1.71273067572289     
 -0.256158583907514     
  0.326089603342010     
  -1.10578017586232     
 -0.830547430119745     
   1.76013996561908     
 -0.103178328704091     
  0.235824608215412     
 -0.821963335472887     
  -1.17462959848990     
   1.71591657406551     
  0.107075088212446     
  0.111892323681103     
 -0.532113683057337     
  -1.45031960568912     
   1.57815741966034     
  0.362142087106352     
 -2.764210830544198E-002
 -0.257894241535354     
  -1.64310888313271     
   1.35152896364589     
  0.644947735797540     
 -0.163342328131571     
 -1.857668567533199E-002
  -1.74442281180276     
   1.04702184462877     
  0.935092915238125     
 -0.276108722999751     
  0.170437519103864     
  -1.75216690563051     
  0.681218444746566     
   1.21043147695413     
 -0.348859037840784     
  0.298767128018777     
  -1.67077456992238     
  0.275128694033094     
   1.44880913860960     
 -0.368045061882242     
  0.361782509217019     
  -1.51075500513961     
 -0.147316576155239     
   1.62982657681426     
 -0.324881897074405     
  0.360862251008045     
  -1.28777910749196     
 -0.560998437580152     
   1.73648678841375     
 -0.216189248145873     
  0.303156838098228     
  -1.02137745767481     
 -0.941434710190303     
   1.75659550152075     
 -4.477514286844664E-002
  0.200880666047696     
 -0.733354821965065     
  -1.26655547555491     
   1.68380254416377     
  0.180670964524143     
  7.019134139448487E-002
 -0.446047619062414     
  -1.51829177499534     
   1.51820011406387     
  0.446169536847416     
 -7.025183696395099E-002
 -0.180562793748021     
  -1.68385473304258     
   1.26642862333765     
  0.733481800794215     
 -0.200932718486636     
  4.486245670648881E-002
  -1.75660674108586     
  0.941279471039884     
   1.02149990473692     
 -0.303192746400196     
  0.216250705687183     
  -1.73645846903417     
  0.560823664727629     
   1.28788727429331     
 -0.360875738122270     
  0.324914967615159     
  -1.62976280078733     
  0.147132538565229     
   1.51083976127613     
 -0.361769288104473     
  0.368049837372581     
  -1.44871635788564     
 -0.275311054410733     
   1.67082813808413     
 -0.298725305687387     
  0.348838171520015     
  -1.21031795375081     
 -0.681388307863614     
   1.75218349934143     
 -0.170367805308560     
  0.276067158609807     
 -0.934968048867047     
  -1.04716929777568     
   1.74439912490658     
  1.867098278438395E-002
  0.163286842384031     
 -0.644821309440693     
  -1.35164571661372     
   1.64304439160193     
  0.258007433504448     
  2.758070418570792E-002
 -0.362023494425627     
  -1.57823739432239     
   1.45021665703478     
  0.532238116549792     
 -0.111951123281998     
 -0.106972601069753     
  -1.71595632298708     
   1.17449328073114     
  0.822089972788214     
 -0.235872509103846     
  0.103258193600760     
  -1.76013888775862     
  0.830385229601613     
   1.10589929504626     
 -0.326119270047705     
  0.256211549663550     
  -1.71269101327288     
  0.437332928791095     
   1.36130322136063     
 -0.367595657966904     
  0.344949821349003     
  -1.58182927041035     
  1.832106192771316E-002
   1.56701014073833     
 -0.349529528598033     
  0.368501756635695     
  -1.38134061881354     
 -0.401780956212656     
   1.70450868660299     
 -0.266475584917121     
  0.331818679346937     
  -1.12942125037280     
 -0.798024492954299     
   1.75957939387706     
 -0.118884174632722     
  0.245246035470050     
 -0.847187958997040     
  -1.14719334849366     
   1.72348828250219     
  8.681218972171223E-002
  0.123554912838487     
 -0.556980987131669     
  -1.42948121199112     
   1.59376640805297     
  0.338603883657993     
 -1.538672037186246E-002
 -0.280593374525122     
  -1.62990516824624     
   1.37451183310437     
  0.619770770558258     
 -0.152194558641677     
 -3.756719415861598E-002
  -1.73934630143571     
   1.07618795932356     
  0.910143340062899     
 -0.267671695456593     
  0.156308711568959     
  -1.75513782058710     
  0.714931755110331     
   1.18765967353891     
 -0.344497137550001     
  0.290181317374247     
  -1.68115676088081     
  0.311423984161413     
   1.43009562351896     
 -0.368761895811659     
  0.358903935246728     
  -1.52741437535897     
 -0.110591965953554     
   1.61683139796045     
 -0.331227610995552     
  0.363335365332985     
  -1.30917973193970     
 -0.526028369691529     
   1.73051438451178     
 -0.228204811223610     
  0.310146127433039     
  -1.04570765361563     
 -0.910275591012510     
   1.75848581016501     
 -6.197825846152039E-002
  0.211149641295896     
 -0.758673089168014     
  -1.24098747075228     
   1.69385710165339     
  0.159256988705565     
  8.221417550992860E-002
 -0.470436832036597     
  -1.49969141191948     
   1.53614915216268     
  0.421946061701101     
 -5.815514526232712E-002
 -0.202280414750286     
  -1.67309871797838     
   1.29144195113996     
  0.708169647017912     
 -0.190448655114481     
  2.725001883903266E-002
  -1.75401435963337     
  0.972020488449810     
  0.997006886845917     
 -0.295866065606392     
  0.203760168658514     
  -1.74177689945261     
  0.595542460036639     
   1.26615890174866     
 -0.357972760677960     
  0.318073124099297     
  -1.64219629306880     
  0.183790944854296     
   1.49370490568423     
 -0.364163836658862     
  0.366861020480322     
  -1.46699678292528     
 -0.238892087230400     
   1.65985190533312     
 -0.306816593848805     
  0.352794633052410     
  -1.23281098009854     
 -0.647370427236546     
   1.74853901495122     
 -0.184037046740701     
  0.284201323568315     
 -0.959806415956086     
  -1.01753981106057     
   1.74876848105494     
  6.157084257696344E-005
  0.174261057375175     
 -0.670054556298818     
  -1.32807415785159     
   1.65555673022046     
  0.235572945779564     
  3.980710377669442E-002
 -0.385772238186664     
  -1.56195668665109     
   1.47042845458229     
  0.507489722569448     
 -0.100170411753735     
 -0.127575139637341     
  -1.70767768984310     
   1.20141258669286     
  0.796820425464496     
 -0.226196224387337     
  8.711853111829682E-002
  -1.76000700733456     
  0.862538154521021     
   1.08204415712465     
 -0.320021054467761     
  0.245408314868181     
  -1.72028274207481     
  0.472867352186942     
   1.34078874618286     
 -0.366233134962874     
  0.339852272721758     
  -1.59619583400675     
  5.513959897985739E-002
   1.55159984228211     
 -0.353639081919190     
  0.368955289387625     
  -1.40108975224357     
 -0.365868995741025     
   1.69566077849834     
 -0.276301450300837     
  0.337168217294533     
  -1.15283263740354     
 -0.765143916985098     
   1.75832645582148     
 -0.134147715896804     
  0.254400308327832     
 -0.872352716238531     
  -1.11924899931458     
   1.73034878947119     
  6.690035770706770E-002
  0.135086276456291     
 -0.581954071630119     
  -1.40802091822842     
   1.60869526880489     
  0.315289687738631     
 -3.115100651876378E-003
 -0.303546809121580     
  -1.61601032030770     
   1.39689402628416     
  0.594664519001580     
 -0.140884524801609     
 -5.693198088630058E-002
  -1.73355846192071     
   1.10487596979701     
  0.885096784728060     
 -0.258940633277322     
  0.141723182375862     
  -1.75742694275777     
  0.748324067816461     
   1.16462194802225     
 -0.339735373420806     
  0.281099730936941     
  -1.69093331290486     
  0.347578660425727     
   1.41095942521704     
 -0.369008547323042     
  0.355536193280454     
  -1.54358421487434     
 -7.381736825144579E-002
   1.60328159609925     
 -0.337075012545056     
  0.365370106854451     
  -1.33023721782483     
 -0.490821346635331     
   1.72389108466311     
 -0.239739355592536     
  0.316786940685574     
  -1.06985948526029     
 -0.878709752412132     
   1.75967279976094     
 -7.876258807705394E-002
  0.221190865869681     
 -0.783982964951876     
  -1.21487242287768     
   1.70320462745695     
  0.138158810393028     
  9.415003201042950E-002
 -0.494979407543402     
  -1.48044308145222     
   1.55343729523579     
  0.397902205220334     
 -4.599702075587763E-002
 -0.224292344480300     
  -1.66164012440739     
   1.31588767979309     
  0.682878102196571     
 -0.179760141795405     
  9.233900455814514E-003
  -1.75071444424802     
   1.00232803681763     
  0.972364978262247     
 -0.288209903586905     
  0.190796252633330     
  -1.74643202194576     
  0.629993270913285     
   1.24411499806613     
 -0.354644387674967     
  0.310732676805248     
  -1.65405564874876     
  0.220366299994601     
   1.47610403837883     
 -0.366074954981461     
  0.365193984441320     
  -1.48482954045009     
 -0.202365201337104     
   1.64828753597045     
 -0.314409973232318     
  0.356336267684717     
  -1.25500966468049     
 -0.613061501282800     
   1.74422274337600     
 -0.197239575679686     
  0.292020948116755     
 -0.984518225181244     
 -0.987457267782774     
   1.75242810425567     
 -1.815637332671061E-002
  0.185048794143954     
 -0.695330119337847     
  -1.30392028359761     
   1.66737085202936     
  0.213415892084224     
  5.199148558719986E-002
 -0.409719986075982     
  -1.54500625995396     
   1.49000298423445     
  0.482874429331009     
 -8.828356913193645E-002
 -0.148509050142249     
  -1.69868965981008     
   1.22780117580968     
  0.771520403450433     
 -0.216274980666832     
  7.054948449933984E-002
  -1.75917597094222     
  0.894305167403150     
   1.05798848319139     
 -0.313560625205866     
  0.234119189683852     
  -1.72723383565074     
  0.508188616743610     
   1.31991063568370     
 -0.364423215664767     
  0.334257544004082     
  -1.61002323833698     
  9.193321013345375E-002
   1.53568284515489     
 -0.357256017380480     
  0.368945560887132     
  -1.42043558317689     
 -0.329791916237135     
   1.68619480484511     
 -0.285634068287414     
  0.342129913368257     
  -1.17599982571524     
 -0.731920173213538     
   1.75638509797880     
 -0.148962957209845     
  0.263276565554056     
 -0.897442822384667     
  -1.09080830851189     
   1.73649775849742     
  4.734905901356679E-002
  0.146473962854978     
 -0.607019042913008     
  -1.38594693688196     
   1.62293933393789     
  0.292211737269343     
  9.159804935662486E-003
 -0.326742621587985     
  -1.60142844899833     
   1.41866682813829     
  0.569643055660612     
 -0.129424530424393     
 -7.666199966338172E-002
  -1.72705905868877     
   1.13307371045366     
  0.859968065310814     
 -0.249926113974379     
  0.126686434850147     
  -1.75902978560999     
  0.781380629916014     
   1.14133268877318     
 -0.334581652755586     
  0.271523957863347     
  -1.70009590473545     
  0.383576445961288     
   1.39141335352522     
 -0.368789526823563     
  0.351676909182134     
  -1.55925307557976     
 -3.700940234403138E-002
   1.58918736153369     
 -0.342424765382322     
  0.366960413557637     
  -1.35093793162682     
 -0.455393122118554     
   1.71662361159180     
 -0.250789562650803     
  0.323070104339651     
  -1.09381823334219     
 -0.846750941558252     
   1.76015913834891     
 -9.512102207570539E-002
  0.230992884482344     
 -0.809269814637687     
  -1.18822108698895     
   1.71184345641043     
  0.117386826035169     
  0.105986189093796     
 -0.519661943631967     
  -1.46055379241679     
   1.57005859839766     
  0.374050872222790     
 -3.379033361835071E-002
 -0.246587448862044     
  -1.64948175007079     
   1.33975596749960     
  0.657621587678458     
 -0.168879066879740     
 -9.177872869076786E-003
  -1.74670544106979     
   1.03218906098408     
  0.947588989644012     
 -0.280234116426556     
  0.177363294394258     
  -1.75041812438062     
  0.664160760849634     
   1.22176958966928     
 -0.350897557681534     
  0.302893998667169     
  -1.66533150787173     
  0.256842094765901     
   1.45804927471921     
 -0.367506016326290     
  0.363045188954808     
  -1.50220240863279     
 -0.165746879177062     
   1.63614424381381     
 -0.321504894743216     
  0.359455992555870     
  -1.27689992205826     
 -0.578476788259014     
   1.73924022190209     
 -0.209970884505685     
  0.299516066385006     
  -1.00908865832360     
 -0.956934599437555     
   1.75537935809546     
 -3.597467271611610E-002
  0.195638097989200     
 -0.720633621018711     
  -1.27919377613850     
   1.67848376814910     
  0.191547525925500     
  6.412096191868250E-002
 -0.433853924302964     
  -1.52739187608425     
   1.50893305986339     
  0.458405716113830     
 -7.630328449463739E-002
 -0.169764066510467     
  -1.68899370560483     
   1.25364814322857     
  0.746204569853741     
 -0.206120152913588     
  5.355800462175575E-002
  -1.75764292345866     
  0.925672410373355     
   1.03374696910971     
 -0.306747034398554     
  0.222347318725020     
  -1.73353740384943     
  0.543280905706388     
   1.29868244931874     
 -0.362171809518019     
  0.328164796636052     
  -1.62330115800570     
  0.128685265588313     
   1.51927047793652     
 -0.360382537794477     
  0.368467899228540     
  -1.43936520910832     
 -0.293565951714095     
   1.67611893074043     
 -0.294471673645062     
  0.346695725345194     
  -1.19890838334702     
 -0.698367921701070     
   1.75375962585289     
 -0.163324228871697     
  0.271864132276698     
 -0.922443469631982     
  -1.06188330594852     
   1.74193523204269     
  2.816748276655079E-002
  0.157705616338226     
 -0.632161885248116     
  -1.36326781492254     
   1.63649430531223     
  0.269382063534079     
  2.142504827911735E-002
 -0.350168677996395     
  -1.58616403485126     
   1.43982185588208     
  0.544720337169582     
 -0.117826979513440     
 -9.674792393999765E-002
  -1.71984823583585     
   1.16076928473383     
  0.834771979400673     
 -0.240638905110864     
  0.111204299413793     
  -1.75994222005753     
  0.814086873456961     
   1.11780636789420     
 -0.329044147317138     
  0.261455934121770     
  -1.70863652411114     
  0.419401150542663     
   1.37147039892367     
 -0.368109662062758     
  0.347324046873557     
  -1.57440974662437     
 -1.847059616822316E-004
   1.57455914913969     
