   1.57446679885481     
   1.57449291352058     
   1.57457126449884     
   1.57470187274273     
   1.57488477318944     
   1.57512001478534     
   1.57540766052641     
   1.57574778749848     
   1.57614048694236     
   1.57658586431587     
   1.57708403936982     
   1.57763514624823     
   1.57823933357495     
   1.57889676457147     
   1.57960761718388     
   1.58037208419783     
   1.58119037342318     
   1.58206270778427     
   1.58298932557262     
   1.58397048055466     
   1.58500644221540     
   1.58609749592974     
   1.58724394320882     
   1.58844610191784     
   1.58970430652712     
   1.59101890837939     
   1.59239027594902     
   1.59381879515249     
   1.59530486963959     
   1.59684892112087     
   1.59845138970871     
   1.60011273426525     
   1.60183343278296     
   1.60361398276819     
   1.60545490165280     
   1.60735672722522     
   1.60932001807426     
   1.61134535406548     
   1.61343333682576     
   1.61558459025770     
   1.61779976107960     
   1.62007951937532     
   1.62242455919708     
   1.62483559916356     
   1.62731338310555     
   1.62985868072918     
   1.63247228831195     
   1.63515502943386     
   1.63790775572448     
   1.64073134768962     
   1.64362671548692     
   1.64659479983559     
   1.64963657289460     
   1.65275303921249     
   1.65594523670730     
   1.65921423769771     
   1.66256114997125     
   1.66598711791139     
   1.66949332365981     
   1.67308098834592     
   1.67675137336453     
   1.68050578170955     
   1.68434555937248     
   1.68827209680118     
   1.69228683042692     
   1.69639124426454     
   1.70058687158156     
   1.70487529665014     
   1.70925815657554     
   1.71373714321246     
   1.71831400517580     
   1.72299054994078     
   1.72776864605376     
   1.73265022543705     
   1.73763728581323     
   1.74273189324856     
   1.74793618481420     
   1.75325237139065     
   1.75868274060760     
   1.76422965992013     
   1.76989557987059     
   1.77568303744194     
   1.78159465975001     
   1.78763316767912     
   1.79380137995029     
   1.80010221724484     
   1.80653870662353     
   1.81311398614248     
   1.81983130974057     
   1.82669405239098     
   1.83370571552865     
   1.84086993278143     
   1.84819047601996     
   1.85567126175147     
   1.86331635787723     
   1.87112999083549     
   1.87911655316290     
   1.88728061149049     
   1.89562691501909     
   1.90416040449766     
   1.91288622174252     
   1.92180971973773     
   1.93093647334911     
   1.94027229070968     
   1.94982322531169     
   1.95959558887699     
   1.96959596503211     
   1.97983122388648     
   1.99030853754907     
   2.00103539667721     
   2.01201962812652     
   2.02326941379725     
   2.03479331076486     
   2.04660027279067     
   2.05869967336702     
   2.07110133033476     
   2.08381553232490     
   2.09685306706075     
   2.11022525176759     
   2.12394396581342     
   2.13802168580037     
   2.15247152333798     
   2.16730726571610     
   2.18254341972253     
   2.19819525896029     
   2.21427887492048     
   2.23081123220081     
   2.24781022826515     
   2.26529475817466     
   2.28328478478980     
   2.30180141498340     
   2.32086698247172     
   2.34050513795043     
   2.36074094728960     
   2.38160099864617     
   2.40311351945464     
   2.42530850435629     
   2.44821785531742     
   2.47187553524967     
   2.49631773674683     
   2.52158306764034     
   2.54771275540057     
   2.57475087262794     
   2.60274458623416     
   2.63174443325335     
   2.66180462667117     
   2.69298339513469     
   2.72534336103821     
   2.75895196208958     
   2.79388192233439     
   2.83021177952867     
   2.86802647688307     
   2.90741802852121     
   2.94848626960318     
   2.99133970393270     
   3.03609646416782     
   3.08288540245322     
   3.13184733262415     
   3.18313644914147     
   3.23692195276893     
   3.29338991902943     
   3.35274545278479     
   3.41521518138791     
   3.48105015014420     
   3.55052919787116     
   3.62396290807821     
   3.70169825358604     
   3.78412408083031     
   3.87167761644120     
   3.96485222546339     
   4.06420671145343     
   4.17037652807183     
   4.28408737682065     
   4.40617180508739     
   4.53758960626659     
   4.67945307832608     
   4.83305854640563     
   4.99992603987577     
   5.18184969562435     
   5.38096243006168     
   5.59981982553577     
   5.84151023815972     
   6.10980121471478     
   6.40933699952025     
   6.74590921335572     
   7.12683441222136     
   7.56149122988581     
   8.06210176102272     
   8.64489737488833     
   9.33190932538289     
   10.1538131290139     
   11.1546288837666     
   12.3998627399807     
   13.9914371831840     
   16.0970804918858     
   19.0136565272586     
   23.3210628338524     
   30.3250946248063     
   43.7105987590137     
   79.4915552754481     
   481.344482696062     
   115.811308545592     
   51.1194528328882     
   32.5630738926223     
   23.7626396790532     
   18.6264633511571     
   15.2607629875580     
   12.8850111565253     
   11.1187224361099     
   9.75427328408076     
   8.66874785932152     
   7.78473796479831     
   7.05106761767683     
   6.43254980074132     
   5.90419534923587     
   5.44776887408597     
   5.04965219139070     
   4.69947060955723     
   4.38918214935056     
   4.11245736893561     
   3.86424707751957     
   3.64047471882820     
   3.43781340028087     
   3.25352158439321     
   3.08532019110154     
   2.93129942349034     
   2.78984725269913     
   2.65959390446708     
   2.53936831747705     
   2.42816366277161     
   2.32510979469297     
   2.22945105678843     
   2.14052826260424     
   2.05776395906348     
   1.98065029131710     
   1.90873894449111     
   1.84163275517737     
   1.77897867400834     
   1.72046182841042     
   1.66580048655088     
   1.61474176373611     
   1.56705794420410     
   1.52254331567325     
   1.48101143387733     
   1.44229274979320     
   1.40623254478861     
   1.37268912889743     
   1.34153226561195     
   1.31264179299478     
   1.28590641623755     
   1.26122265094991     
   1.23849389988626     
   1.21762964842473     
   1.19854476622016     
   1.18115890406436     
   1.16539597620864     
   1.15118371933409     
   1.13845332007145     
   1.12713910349479     
   1.11717827545939     
   1.10851071201792     
   1.10107878950203     
   1.09482724920909     
   1.08970309101271     
   1.08565549062486     
   1.08263573567377     
   1.08059717626877     
   1.07949518621398     
   1.07928713151130     
   1.07993234339729     
   1.08139209357104     
   1.08362956978045     
   1.08660985041440     
   1.09029987701863     
   1.09466842421831     
   1.09968606655082     
   1.10532514220502     
   1.11155971370381     
   1.11836552579255     
   1.12571996086605     
   1.13360199236633     
   1.14199213662254     
   1.15087240358930     
   1.16022624701905     
   1.17003851447455     
   1.18029539766691     
   1.19098438349855     
   1.20209420617956     
   1.21361480074857     
   1.22553725825974     
   1.23785378289094     
   1.25055765116431     
   1.26364317344216     
   1.27710565784657     
   1.29094137668373     
   1.30514753547314     
   1.31972224463268     
   1.33466449384774     
   1.34997412919946     
   1.36565183301289     
   1.38169910648412     
   1.39811825507077     
   1.41491237663991     
   1.43208535243038     
   1.44964184072948     
   1.46758727352552     
   1.48592785567841     
   1.50467056727703     
   1.52382316862097     
   1.54339420825928     
   1.56339303396228     
   1.58382980677195     
   1.60471551819701     
   1.62606201063920     
   1.64788200120545     
   1.67018910901483     
   1.69299788618605     
   1.71632385268584     
   1.74018353523970     
   1.76459451056506     
   1.78957545318001     
   1.81514618810804     
   1.84132774882060     
   1.86814244079580     
   1.89561391114015     
   1.92376722474528     
   1.95262894753127     
   1.98222723738479     
   2.01259194345967     
   2.04375471461877     
   2.07574911784797     
   2.10861076760776     
   2.14237746719386     
   2.17708936329529     
   2.21278911509971     
   2.24952207947943     
   2.28733651391826     
   2.32628379919993     
   2.36641868386692     
   2.40779955313489     
   2.45048872482353     
   2.49455277565037     
   2.54006290137663     
   2.58709531497864     
   2.63573168750658     
   2.68605963700275     
   2.73817327167134     
   2.79217379434050     
   2.84817017644697     
   2.90627991094871     
   2.96662985512517     
   3.02935717600296     
   3.09461041320796     
   3.16255067660514     
   3.23335299902837     
   3.30720786800826     
   3.38432296472428     
   3.46492514357532     
   3.54926269211883     
   3.63760791876206     
   3.73026012499901     
   3.82754903054246     
   3.92983873386774     
   4.03753230846768     
   4.15107715702581     
   4.27097127344898     
   4.39777059752473     
   4.53209769124313     
   4.67465202243429     
   4.82622221405577     
   4.98770071203537     
   5.16010144745743     
   5.34458123158178     
   5.54246583750900     
   5.75528201164152     
   5.98479704969085     
   6.23306810819669     
   6.50250416499098     
   6.79594458301359     
   7.11675971074056     
   7.46898108416255     
   7.85747191624323     
   8.28815320811507     
   8.76830787017844     
   9.30699616830849     
   9.91563312712839     
   10.6088066687793     
   11.4054623291664     
   12.3306616411107     
   13.4182667147032     
   14.7151749575551     
   16.2882594023018     
   18.2362717358045     
   20.7114082021682     
   23.9611220521857     
   28.4164719402424     
   34.9011926908808     
   45.2106950911858     
   64.1440214826639     
   110.300607620826     
   392.561667779832     
   252.124807238771     
   95.4676944187264     
   58.9001502000851     
   42.5974817874548     
   33.3693349405168     
   27.4318982582254     
   23.2914523960698     
   20.2395151583549     
   17.8967862245985     
   16.0418590739281     
   14.5368060565894     
   13.2912240633892     
   12.2433890670897     
   11.3497193306582     
   10.5785661325953     
   9.90639129598664     
   9.31532558394224     
   8.79155903430500     
   8.32425028983979     
   7.90476965357666     
   7.52616251714603     
   7.18276177472253     
   6.86990309499151     
   6.58371255404059     
   6.32094604623251     
   6.07886631996757     
   5.85514774044436     
   5.64780174947291     
   5.45511795824014     
   5.27561717717177     
   5.10801365298067     
   4.95118447392603     
   4.80414460451341     
   4.66602637718016     
   4.53606253942419     
   4.41357215757092     
   4.29794883083642     
   4.18865078577937     
   4.08519251015865     
   3.98713765416203     
   3.89409298057036     
   3.80570318734897     
   3.72164645934843     
   3.64163063212889     
   3.56538987178996     
   3.49268179165451     
   3.42328494018626     
   3.35699660555692     
   3.29363089127137     
   3.23301702459778     
   3.17499786561133     
   3.11942858963885     
   3.06617552003806     
   3.01511509167901     
   2.96613292837782     
   2.91912301994009     
   2.87398698650567     
   2.83063341957198     
   2.78897729057407     
   2.74893941905413     
   2.71044599356053     
   2.67342813928516     
   2.63782152722474     
   2.60356602028148     
   2.57060535233630     
   2.53888683674560     
   2.50836110120392     
   2.47898184621612     
   2.45070562481832     
   2.42349164136892     
   2.39730156757244     
   2.37209937401875     
   2.34785117577300     
   2.32452509067146     
   2.30209110915645     
   2.28052097457297     
   2.25978807298889     
   2.23986733169166     
   2.22073512558798     
   2.20236919083237     
   2.18474854506233     
   2.16785341368368     
   2.15166516171219     
   2.13616623070734     
   2.12134008040325     
   2.10717113465689     
   2.09364473138320     
   2.08074707617977     
   2.06846519934422     
   2.05678691607568     
   2.04570078958448     
   2.03519609694744     
   2.02526279749662     
   2.01589150358343     
   2.00707345356154     
   1.99880048684324     
   1.99106502092630     
   1.98386003022792     
   1.97717902668650     
   1.97101604198076     
   1.96536561130977     
   1.96022275865731     
   1.95558298346357     
   1.95144224864323     
   1.94779696989062     
   1.94464400627631     
   1.94198065196624     
   1.93980462919708     
   1.93811408233223     
   1.93690757305413     
   1.93618407663899     
   1.93594297930580     
