  9.775171056389809E-004
  1.955034211277962E-003
  2.932551316916943E-003
  3.910068422555923E-003
  4.887585528194904E-003
  5.865102633833885E-003
  6.842619739472866E-003
  7.820136845111847E-003
  8.797653950750828E-003
  9.775171056389809E-003
  1.075268816202879E-002
  1.173020526766777E-002
  1.270772237330675E-002
  1.368523947894573E-002
  1.466275658458471E-002
  1.564027369022369E-002
  1.661779079586267E-002
  1.759530790150166E-002
  1.857282500714064E-002
  1.955034211277962E-002
  2.052785921841860E-002
  2.150537632405758E-002
  2.248289342969656E-002
  2.346041053533554E-002
  2.443792764097452E-002
  2.541544474661350E-002
  2.639296185225248E-002
  2.737047895789146E-002
  2.834799606353045E-002
  2.932551316916943E-002
  3.030303027480841E-002
  3.128054738044739E-002
  3.225806448608637E-002
  3.323558159172535E-002
  3.421309869736433E-002
  3.519061580300331E-002
  3.616813290864229E-002
  3.714565001428127E-002
  3.812316711992025E-002
  3.910068422555923E-002
  4.007820133119822E-002
  4.105571843683720E-002
  4.203323554247618E-002
  4.301075264811516E-002
  4.398826975375414E-002
  4.496578685939312E-002
  4.594330396503210E-002
  4.692082107067108E-002
  4.789833817631006E-002
  4.887585528194904E-002
  4.985337238758802E-002
  5.083088949322701E-002
  5.180840659886599E-002
  5.278592370450497E-002
  5.376344081014395E-002
  5.474095791578293E-002
  5.571847502142191E-002
  5.669599212706089E-002
  5.767350923269987E-002
  5.865102633833885E-002
  5.962854344397783E-002
  6.060606054961681E-002
  6.158357765525579E-002
  6.256109476089478E-002
  6.353861186653376E-002
  6.451612897217274E-002
  6.549364607781172E-002
  6.647116318345070E-002
  6.744868028908968E-002
  6.842619739472866E-002
  6.940371450036764E-002
  7.038123160600662E-002
  7.135874871164560E-002
  7.233626581728458E-002
  7.331378292292356E-002
  7.429130002856255E-002
  7.526881713420153E-002
  7.624633423984051E-002
  7.722385134547949E-002
  7.820136845111847E-002
  7.917888555675745E-002
  8.015640266239643E-002
  8.113391976803541E-002
  8.211143687367439E-002
  8.308895397931337E-002
  8.406647108495235E-002
  8.504398819059134E-002
  8.602150529623032E-002
  8.699902240186930E-002
  8.797653950750828E-002
  8.895405661314726E-002
  8.993157371878624E-002
  9.090909082442522E-002
  9.188660793006420E-002
  9.286412503570318E-002
  9.384164214134216E-002
  9.481915924698114E-002
  9.579667635262012E-002
  9.677419345825911E-002
  9.775171056389809E-002
  9.872922766953707E-002
  9.970674477517605E-002
  0.100684261880815     
  0.101661778986454     
  0.102639296092093     
  0.103616813197732     
  0.104594330303371     
  0.105571847409010     
  0.106549364514649     
  0.107526881620288     
  0.108504398725927     
  0.109481915831566     
  0.110459432937205     
  0.111436950042844     
  0.112414467148483     
  0.113391984254122     
  0.114369501359761     
  0.115347018465400     
  0.116324535571039     
  0.117302052676678     
  0.118279569782317     
  0.119257086887956     
  0.120234603993595     
  0.121212121099234     
  0.122189638204873     
  0.123167155310512     
  0.124144672416151     
  0.125122189521790     
  0.126099706627429     
  0.127077223733068     
  0.128054740838706     
  0.129032257944345     
  0.130009775049984     
  0.130987292155623     
  0.131964809261262     
  0.132942326366901     
  0.133919843472540     
  0.134897360578179     
  0.135874877683818     
  0.136852394789457     
  0.137829911895096     
  0.138807429000735     
  0.139784946106374     
  0.140762463212013     
  0.141739980317652     
  0.142717497423291     
  0.143695014528930     
  0.144672531634569     
  0.145650048740208     
  0.146627565845847     
  0.147605082951486     
  0.148582600057125     
  0.149560117162764     
  0.150537634268403     
  0.151515151374042     
  0.152492668479681     
  0.153470185585320     
  0.154447702690959     
  0.155425219796598     
  0.156402736902237     
  0.157380254007876     
  0.158357771113515     
  0.159335288219154     
  0.160312805324793     
  0.161290322430432     
  0.162267839536071     
  0.163245356641710     
  0.164222873747349     
  0.165200390852988     
  0.166177907958627     
  0.167155425064266     
  0.168132942169905     
  0.169110459275544     
  0.170087976381183     
  0.171065493486822     
  0.172043010592461     
  0.173020527698100     
  0.173998044803739     
  0.174975561909378     
  0.175953079015017     
  0.176930596120656     
  0.177908113226295     
  0.178885630331933     
  0.179863147437572     
  0.180840664543211     
  0.181818181648850     
  0.182795698754489     
  0.183773215860128     
  0.184750732965767     
  0.185728250071406     
  0.186705767177045     
  0.187683284282684     
  0.188660801388323     
  0.189638318493962     
  0.190615835599601     
  0.191593352705240     
  0.192570869810879     
  0.193548386916518     
  0.194525904022157     
  0.195503421127796     
  0.196480938233435     
  0.197458455339074     
  0.198435972444713     
  0.199413489550352     
  0.200391006655991     
  0.201368523761630     
  0.202346040867269     
  0.203323557972908     
  0.204301075078547     
  0.205278592184186     
  0.206256109289825     
  0.207233626395464     
  0.208211143501103     
  0.209188660606742     
  0.210166177712381     
  0.211143694818020     
  0.212121211923659     
  0.213098729029298     
  0.214076246134937     
  0.215053763240576     
  0.216031280346215     
  0.217008797451854     
  0.217986314557493     
  0.218963831663132     
  0.219941348768771     
  0.220918865874410     
  0.221896382980049     
  0.222873900085688     
  0.223851417191327     
  0.224828934296966     
  0.225806451402605     
  0.226783968508244     
  0.227761485613883     
  0.228739002719522     
  0.229716519825161     
  0.230694036930799     
  0.231671554036438     
  0.232649071142077     
  0.233626588247716     
  0.234604105353355     
  0.235581622458994     
  0.236559139564633     
  0.237536656670272     
  0.238514173775911     
  0.239491690881550     
  0.240469207987189     
  0.241446725092828     
  0.242424242198467     
  0.243401759304106     
  0.244379276409745     
  0.245356793515384     
  0.246334310621023     
  0.247311827726662     
  0.248289344832301     
  0.249266861937940     
  0.250244379043579     
  0.251221896149218     
  0.252199413254857     
  0.253176930360496     
  0.254154447466135     
  0.255131964571774     
  0.256109481677413     
  0.257086998783052     
  0.258064515888691     
  0.259042032994330     
  0.260019550099969     
  0.260997067205608     
  0.261974584311247     
  0.262952101416886     
  0.263929618522525     
  0.264907135628164     
  0.265884652733803     
  0.266862169839442     
  0.267839686945081     
  0.268817204050720     
  0.269794721156359     
  0.270772238261998     
  0.271749755367637     
  0.272727272473276     
  0.273704789578915     
  0.274682306684554     
  0.275659823790193     
  0.276637340895832     
  0.277614858001471     
  0.278592375107110     
  0.279569892212749     
  0.280547409318388     
  0.281524926424026     
  0.282502443529665     
  0.283479960635304     
  0.284457477740943     
  0.285434994846582     
  0.286412511952221     
  0.287390029057860     
  0.288367546163499     
  0.289345063269138     
  0.290322580374777     
  0.291300097480416     
  0.292277614586055     
  0.293255131691694     
  0.294232648797333     
  0.295210165902972     
  0.296187683008611     
  0.297165200114250     
  0.298142717219889     
  0.299120234325528     
  0.300097751431167     
  0.301075268536806     
  0.302052785642445     
  0.303030302748084     
  0.304007819853723     
  0.304985336959362     
  0.305962854065001     
  0.306940371170640     
  0.307917888276279     
  0.308895405381918     
  0.309872922487557     
  0.310850439593196     
  0.311827956698835     
  0.312805473804474     
  0.313782990910113     
  0.314760508015752     
  0.315738025121391     
  0.316715542227030     
  0.317693059332669     
  0.318670576438308     
  0.319648093543947     
  0.320625610649586     
  0.321603127755225     
  0.322580644860864     
  0.323558161966503     
  0.324535679072142     
  0.325513196177781     
  0.326490713283420     
  0.327468230389059     
  0.328445747494698     
  0.329423264600337     
  0.330400781705976     
  0.331378298811615     
  0.332355815917253     
  0.333333333022892     
  0.334310850128531     
  0.335288367234170     
  0.336265884339809     
  0.337243401445448     
  0.338220918551087     
  0.339198435656726     
  0.340175952762365     
  0.341153469868004     
  0.342130986973643     
  0.343108504079282     
  0.344086021184921     
  0.345063538290560     
  0.346041055396199     
  0.347018572501838     
  0.347996089607477     
  0.348973606713116     
  0.349951123818755     
  0.350928640924394     
  0.351906158030033     
  0.352883675135672     
  0.353861192241311     
  0.354838709346950     
  0.355816226452589     
  0.356793743558228     
  0.357771260663867     
  0.358748777769506     
  0.359726294875145     
  0.360703811980784     
  0.361681329086423     
  0.362658846192062     
  0.363636363297701     
  0.364613880403340     
  0.365591397508979     
  0.366568914614618     
  0.367546431720257     
  0.368523948825896     
  0.369501465931535     
  0.370478983037174     
  0.371456500142813     
  0.372434017248452     
  0.373411534354091     
  0.374389051459730     
  0.375366568565369     
  0.376344085671008     
  0.377321602776647     
  0.378299119882286     
  0.379276636987925     
  0.380254154093564     
  0.381231671199203     
  0.382209188304842     
  0.383186705410480     
  0.384164222516119     
  0.385141739621758     
  0.386119256727397     
  0.387096773833036     
  0.388074290938675     
  0.389051808044314     
  0.390029325149953     
  0.391006842255592     
  0.391984359361231     
  0.392961876466870     
  0.393939393572509     
  0.394916910678148     
  0.395894427783787     
  0.396871944889426     
  0.397849461995065     
  0.398826979100704     
  0.399804496206343     
  0.400782013311982     
  0.401759530417621     
  0.402737047523260     
  0.403714564628899     
  0.404692081734538     
  0.405669598840177     
  0.406647115945816     
  0.407624633051455     
  0.408602150157094     
  0.409579667262733     
  0.410557184368372     
  0.411534701474011     
  0.412512218579650     
  0.413489735685289     
  0.414467252790928     
  0.415444769896567     
  0.416422287002206     
  0.417399804107845     
  0.418377321213484     
  0.419354838319123     
  0.420332355424762     
  0.421309872530401     
  0.422287389636040     
  0.423264906741679     
  0.424242423847318     
  0.425219940952957     
  0.426197458058596     
  0.427174975164235     
  0.428152492269874     
  0.429130009375513     
  0.430107526481152     
  0.431085043586791     
  0.432062560692430     
  0.433040077798069     
  0.434017594903708     
  0.434995112009346     
  0.435972629114985     
  0.436950146220624     
  0.437927663326263     
  0.438905180431902     
  0.439882697537541     
  0.440860214643180     
  0.441837731748819     
  0.442815248854458     
  0.443792765960097     
  0.444770283065736     
  0.445747800171375     
  0.446725317277014     
  0.447702834382653     
  0.448680351488292     
  0.449657868593931     
  0.450635385699570     
  0.451612902805209     
  0.452590419910848     
  0.453567937016487     
  0.454545454122126     
  0.455522971227765     
  0.456500488333404     
  0.457478005439043     
  0.458455522544682     
  0.459433039650321     
  0.460410556755960     
  0.461388073861599     
  0.462365590967238     
  0.463343108072877     
  0.464320625178516     
  0.465298142284155     
  0.466275659389794     
  0.467253176495433     
  0.468230693601072     
  0.469208210706711     
  0.470185727812350     
  0.471163244917989     
  0.472140762023628     
  0.473118279129267     
  0.474095796234906     
  0.475073313340545     
  0.476050830446184     
  0.477028347551823     
  0.478005864657462     
  0.478983381763101     
  0.479960898868740     
  0.480938415974379     
  0.481915933080018     
  0.482893450185657     
  0.483870967291296     
  0.484848484396935     
  0.485826001502573     
  0.486803518608212     
  0.487781035713851     
  0.488758552819490     
  0.489736069925129     
  0.490713587030768     
  0.491691104136407     
  0.492668621242046     
  0.493646138347685     
  0.494623655453324     
  0.495601172558963     
  0.496578689664602     
  0.497556206770241     
  0.498533723875880     
  0.499511240981519     
  0.500488758087158     
  0.501466275192797     
  0.502443792298436     
  0.503421309404075     
  0.504398826509714     
  0.505376343615353     
  0.506353860720992     
  0.507331377826631     
  0.508308894932270     
  0.509286412037909     
  0.510263929143548     
  0.511241446249187     
  0.512218963354826     
  0.513196480460465     
  0.514173997566104     
  0.515151514671743     
  0.516129031777382     
  0.517106548883021     
  0.518084065988660     
  0.519061583094299     
  0.520039100199938     
  0.521016617305577     
  0.521994134411216     
  0.522971651516855     
  0.523949168622494     
  0.524926685728133     
  0.525904202833772     
  0.526881719939411     
  0.527859237045050     
  0.528836754150689     
  0.529814271256328     
  0.530791788361967     
  0.531769305467606     
  0.532746822573245     
  0.533724339678884     
  0.534701856784523     
  0.535679373890162     
  0.536656890995800     
  0.537634408101439     
  0.538611925207078     
  0.539589442312717     
  0.540566959418356     
  0.541544476523995     
  0.542521993629634     
  0.543499510735273     
  0.544477027840912     
  0.545454544946551     
  0.546432062052190     
  0.547409579157829     
  0.548387096263468     
  0.549364613369107     
  0.550342130474746     
  0.551319647580385     
  0.552297164686024     
  0.553274681791663     
  0.554252198897302     
  0.555229716002941     
  0.556207233108580     
  0.557184750214219     
  0.558162267319858     
  0.559139784425497     
  0.560117301531136     
  0.561094818636775     
  0.562072335742414     
  0.563049852848053     
  0.564027369953692     
  0.565004887059331     
  0.565982404164970     
  0.566959921270609     
  0.567937438376248     
  0.568914955481887     
  0.569892472587526     
  0.570869989693165     
  0.571847506798804     
  0.572825023904443     
  0.573802541010082     
  0.574780058115721     
  0.575757575221360     
  0.576735092326999     
  0.577712609432638     
  0.578690126538277     
  0.579667643643916     
  0.580645160749555     
  0.581622677855194     
  0.582600194960833     
  0.583577712066472     
  0.584555229172111     
  0.585532746277750     
  0.586510263383389     
  0.587487780489028     
  0.588465297594666     
  0.589442814700305     
  0.590420331805944     
  0.591397848911583     
  0.592375366017222     
  0.593352883122861     
  0.594330400228500     
  0.595307917334139     
  0.596285434439778     
  0.597262951545417     
  0.598240468651056     
  0.599217985756695     
  0.600195502862334     
  0.601173019967973     
  0.602150537073612     
  0.603128054179251     
  0.604105571284890     
  0.605083088390529     
  0.606060605496168     
  0.607038122601807     
  0.608015639707446     
  0.608993156813085     
  0.609970673918724     
  0.610948191024363     
  0.611925708130002     
  0.612903225235641     
  0.613880742341280     
  0.614858259446919     
  0.615835776552558     
  0.616813293658197     
  0.617790810763836     
  0.618768327869475     
  0.619745844975114     
  0.620723362080753     
  0.621700879186392     
  0.622678396292031     
  0.623655913397670     
  0.624633430503309     
  0.625610947608948     
  0.626588464714587     
  0.627565981820226     
  0.628543498925865     
  0.629521016031504     
  0.630498533137143     
  0.631476050242782     
  0.632453567348421     
  0.633431084454060     
  0.634408601559699     
  0.635386118665338     
  0.636363635770977     
  0.637341152876616     
  0.638318669982255     
  0.639296187087893     
  0.640273704193532     
  0.641251221299171     
  0.642228738404810     
  0.643206255510449     
  0.644183772616088     
  0.645161289721727     
  0.646138806827366     
  0.647116323933005     
  0.648093841038644     
  0.649071358144283     
  0.650048875249922     
  0.651026392355561     
  0.652003909461200     
  0.652981426566839     
  0.653958943672478     
  0.654936460778117     
  0.655913977883756     
  0.656891494989395     
  0.657869012095034     
  0.658846529200673     
  0.659824046306312     
  0.660801563411951     
  0.661779080517590     
  0.662756597623229     
  0.663734114728868     
  0.664711631834507     
  0.665689148940146     
  0.666666666045785     
  0.667644183151424     
  0.668621700257063     
  0.669599217362702     
  0.670576734468341     
  0.671554251573980     
  0.672531768679619     
  0.673509285785258     
  0.674486802890897     
  0.675464319996536     
  0.676441837102175     
  0.677419354207814     
  0.678396871313453     
  0.679374388419092     
  0.680351905524731     
  0.681329422630370     
  0.682306939736009     
  0.683284456841648     
  0.684261973947287     
  0.685239491052926     
  0.686217008158565     
  0.687194525264204     
  0.688172042369843     
  0.689149559475482     
  0.690127076581120     
  0.691104593686759     
  0.692082110792398     
  0.693059627898037     
  0.694037145003676     
  0.695014662109315     
  0.695992179214954     
  0.696969696320593     
  0.697947213426232     
  0.698924730531871     
  0.699902247637510     
  0.700879764743149     
  0.701857281848788     
  0.702834798954427     
  0.703812316060066     
  0.704789833165705     
  0.705767350271344     
  0.706744867376983     
  0.707722384482622     
  0.708699901588261     
  0.709677418693900     
  0.710654935799539     
  0.711632452905178     
  0.712609970010817     
  0.713587487116456     
  0.714565004222095     
  0.715542521327734     
  0.716520038433373     
  0.717497555539012     
  0.718475072644651     
  0.719452589750290     
  0.720430106855929     
  0.721407623961568     
  0.722385141067207     
  0.723362658172846     
  0.724340175278485     
  0.725317692384124     
  0.726295209489763     
  0.727272726595402     
  0.728250243701041     
  0.729227760806680     
  0.730205277912319     
  0.731182795017958     
  0.732160312123597     
  0.733137829229236     
  0.734115346334875     
  0.735092863440514     
  0.736070380546153     
  0.737047897651792     
  0.738025414757431     
  0.739002931863070     
  0.739980448968709     
  0.740957966074347     
  0.741935483179986     
  0.742913000285625     
  0.743890517391264     
  0.744868034496903     
  0.745845551602542     
  0.746823068708181     
  0.747800585813820     
  0.748778102919459     
  0.749755620025098     
  0.750733137130737     
  0.751710654236376     
  0.752688171342015     
  0.753665688447654     
  0.754643205553293     
  0.755620722658932     
  0.756598239764571     
  0.757575756870210     
  0.758553273975849     
  0.759530791081488     
  0.760508308187127     
  0.761485825292766     
  0.762463342398405     
  0.763440859504044     
  0.764418376609683     
  0.765395893715322     
  0.766373410820961     
  0.767350927926600     
  0.768328445032239     
  0.769305962137878     
  0.770283479243517     
  0.771260996349156     
  0.772238513454795     
  0.773216030560434     
  0.774193547666073     
  0.775171064771712     
  0.776148581877351     
  0.777126098982990     
  0.778103616088629     
  0.779081133194268     
  0.780058650299907     
  0.781036167405546     
  0.782013684511185     
  0.782991201616824     
  0.783968718722463     
  0.784946235828102     
  0.785923752933741     
  0.786901270039380     
  0.787878787145019     
  0.788856304250658     
  0.789833821356297     
  0.790811338461936     
  0.791788855567575     
  0.792766372673213     
  0.793743889778852     
  0.794721406884491     
  0.795698923990130     
  0.796676441095769     
  0.797653958201408     
  0.798631475307047     
  0.799608992412686     
  0.800586509518325     
  0.801564026623964     
  0.802541543729603     
  0.803519060835242     
  0.804496577940881     
  0.805474095046520     
  0.806451612152159     
  0.807429129257798     
  0.808406646363437     
  0.809384163469076     
  0.810361680574715     
  0.811339197680354     
  0.812316714785993     
  0.813294231891632     
  0.814271748997271     
  0.815249266102910     
  0.816226783208549     
  0.817204300314188     
  0.818181817419827     
  0.819159334525466     
  0.820136851631105     
  0.821114368736744     
  0.822091885842383     
  0.823069402948022     
  0.824046920053661     
  0.825024437159300     
  0.826001954264939     
  0.826979471370578     
  0.827956988476217     
  0.828934505581856     
  0.829912022687495     
  0.830889539793134     
  0.831867056898773     
  0.832844574004412     
  0.833822091110051     
  0.834799608215690     
  0.835777125321329     
  0.836754642426968     
  0.837732159532607     
  0.838709676638246     
  0.839687193743885     
  0.840664710849524     
  0.841642227955163     
  0.842619745060802     
  0.843597262166440     
  0.844574779272079     
  0.845552296377718     
  0.846529813483357     
  0.847507330588996     
  0.848484847694635     
  0.849462364800274     
  0.850439881905913     
  0.851417399011552     
  0.852394916117191     
  0.853372433222830     
  0.854349950328469     
  0.855327467434108     
  0.856304984539747     
  0.857282501645386     
  0.858260018751025     
  0.859237535856664     
  0.860215052962303     
  0.861192570067942     
  0.862170087173581     
  0.863147604279220     
  0.864125121384859     
  0.865102638490498     
  0.866080155596137     
  0.867057672701776     
  0.868035189807415     
  0.869012706913054     
  0.869990224018693     
  0.870967741124332     
  0.871945258229971     
  0.872922775335610     
  0.873900292441249     
  0.874877809546888     
  0.875855326652527     
  0.876832843758166     
  0.877810360863805     
  0.878787877969444     
  0.879765395075083     
  0.880742912180722     
  0.881720429286361     
  0.882697946392000     
  0.883675463497639     
  0.884652980603278     
  0.885630497708917     
  0.886608014814556     
  0.887585531920195     
  0.888563049025834     
  0.889540566131473     
  0.890518083237112     
  0.891495600342751     
  0.892473117448390     
  0.893450634554029     
  0.894428151659667     
  0.895405668765306     
  0.896383185870945     
  0.897360702976584     
  0.898338220082223     
  0.899315737187862     
  0.900293254293501     
  0.901270771399140     
  0.902248288504779     
  0.903225805610418     
  0.904203322716057     
  0.905180839821696     
  0.906158356927335     
  0.907135874032974     
  0.908113391138613     
  0.909090908244252     
  0.910068425349891     
  0.911045942455530     
  0.912023459561169     
  0.913000976666808     
  0.913978493772447     
  0.914956010878086     
  0.915933527983725     
  0.916911045089364     
  0.917888562195003     
  0.918866079300642     
  0.919843596406281     
  0.920821113511920     
  0.921798630617559     
  0.922776147723198     
  0.923753664828837     
  0.924731181934476     
  0.925708699040115     
  0.926686216145754     
  0.927663733251393     
  0.928641250357032     
  0.929618767462671     
  0.930596284568310     
  0.931573801673949     
  0.932551318779588     
  0.933528835885227     
  0.934506352990866     
  0.935483870096505     
  0.936461387202144     
  0.937438904307783     
  0.938416421413422     
  0.939393938519061     
  0.940371455624700     
  0.941348972730339     
  0.942326489835978     
  0.943304006941617     
  0.944281524047256     
  0.945259041152894     
  0.946236558258533     
  0.947214075364172     
  0.948191592469811     
  0.949169109575450     
  0.950146626681089     
  0.951124143786728     
  0.952101660892367     
  0.953079177998006     
  0.954056695103645     
  0.955034212209284     
  0.956011729314923     
  0.956989246420562     
  0.957966763526201     
  0.958944280631840     
  0.959921797737479     
  0.960899314843118     
  0.961876831948757     
  0.962854349054396     
  0.963831866160035     
  0.964809383265674     
  0.965786900371313     
  0.966764417476952     
  0.967741934582591     
  0.968719451688230     
  0.969696968793869     
  0.970674485899508     
  0.971652003005147     
  0.972629520110786     
  0.973607037216425     
  0.974584554322064     
  0.975562071427703     
  0.976539588533342     
  0.977517105638981     
  0.978494622744620     
  0.979472139850259     
  0.980449656955898     
  0.981427174061537     
  0.982404691167176     
  0.983382208272815     
  0.984359725378454     
  0.985337242484093     
  0.986314759589732     
  0.987292276695371     
  0.988269793801010     
  0.989247310906649     
  0.990224828012288     
  0.991202345117927     
  0.992179862223566     
  0.993157379329205     
  0.994134896434844     
  0.995112413540483     
  0.996089930646122     
  0.997067447751760     
  0.998044964857399     
  0.999022481963038     
  0.999999999068677     
   1.00097751617432     
